0 {474, 480, 515, 531}
1 {471, 473, 475, 479, 480, 482, 484, 493, 497, 502, 509, 526, 531, 537, 542, 545, 547, 548, 549}
2 {475, 480}
3 {476, 477, 478, 479, 483, 484, 488, 489, 497, 509, 514, 518, 519, 527, 528, 530, 531, 540}
4 {475, 479, 484, 531}
5 {493, 497, 507, 537, 540, 545, 546}
6 {515}
7 {491, 502, 531, 545, 549}
8 {477, 478, 479, 481, 484, 485, 486, 487, 490, 497, 502, 505, 514, 523, 527, 528, 542}
9 {474}
10 {478, 480, 520, 531, 547}
11 {474, 476, 480, 488, 498, 501, 520, 528, 531, 536, 541}
12 {474, 477, 478, 479, 480, 482, 493, 494, 505, 509, 521, 543, 547, 548}
13 {492}
15 {471, 472, 473, 475, 477, 478, 479, 486, 487, 493, 498, 500, 505, 509, 514, 544, 548, 549}
16 {472, 474, 476, 480, 484, 488, 489, 490, 494, 497, 499, 502, 503, 504, 507, 508, 516, 517, 519, 527, 528, 529, 531, 532, 536, 541, 542, 548}
17 {474, 480}
19 {472, 474, 475, 480, 482, 483, 492, 495, 498, 502, 511, 520, 522, 524, 525, 527, 530, 534, 540, 542, 549}
20 {474, 479, 480, 482, 520, 529, 531, 536}
21 {470}
22 {470, 530, 536}
24 {470, 471, 473, 474, 476, 477, 479, 480, 492, 493, 497, 502, 509, 548}
26 {470, 471, 473, 474, 476, 478, 481, 484, 491, 493, 495, 497, 502, 504, 507, 508, 511, 514, 516, 517, 521, 523, 525, 527, 528, 529, 530, 531, 532, 534, 535, 536, 538, 539, 540, 544, 545, 547, 548}
27 {471, 474, 475, 476, 479, 480, 482, 484, 493, 497, 498, 502, 517, 526, 527, 529, 531, 532, 537, 540, 547, 548}
28 {491, 511, 536}
29 {474, 478, 484, 493, 495, 517, 523, 545, 547, 548}
30 {471, 474, 477, 480, 482, 484, 492, 493, 495, 496, 498, 499, 500, 502, 503, 504, 506, 514, 517, 519, 526, 527, 528, 530, 531, 532, 533, 536, 537, 539, 542, 544, 545, 547, 548}
32 {470, 474, 480, 481, 483, 502, 531, 548}
34 {470, 478, 493, 517, 537}
35 {474}
36 {474}
37 {474, 477, 480, 481, 531}
38 {473, 476, 478, 482, 488, 489, 490, 494, 500, 501, 503, 506, 509, 510, 514, 516, 518, 519, 520, 521, 525, 528, 532, 534, 543, 545, 546, 548}
39 {478, 497, 498, 501, 512, 520, 524, 539, 542}
41 {530}
42 {471, 474, 475, 480, 483, 489, 491, 492, 493, 501, 502, 511, 513, 520, 528, 531, 536, 546, 547, 548}
44 {470, 473, 475, 479, 481, 482, 483, 497, 501, 511, 513, 520, 525, 529, 534, 535, 542, 548}
46 {472, 475, 546}
49 {474}
50 {474, 480, 484, 493, 495, 508, 531, 537, 538}
52 {470, 477, 508, 514, 517}
53 {471, 474, 475, 493, 528, 529, 531, 532, 536, 537, 545}
55 {474}
56 {470, 474, 475, 476, 477, 479, 481, 482, 483, 484, 489, 492, 493, 495, 496, 497, 501, 502, 503, 504, 506, 510, 511, 513, 517, 519, 520, 522, 524, 525, 529, 530, 536, 538, 539, 543, 545, 548}
57 {529}
58 {470, 475, 485, 491, 493, 516, 519, 529, 531, 538, 540, 542, 543, 546, 549}
59 {546}
60 {471, 481, 482, 492, 493, 515, 517, 525, 526, 537, 542}
62 {490, 517, 546}
63 {470, 474, 480, 482, 487, 491, 502, 513, 519, 531, 533, 534, 545}
64 {547}
65 {497, 500, 511, 513, 514, 529, 533, 545, 548}
68 {513, 528}
69 {475, 483, 490, 495, 504, 531, 546, 549}
70 {473, 474, 475, 477, 480, 482, 484, 485, 486, 488, 495, 500, 504, 510, 512, 513, 515, 517, 519, 525, 526, 527, 536, 538, 540, 542, 544, 546, 547}
71 {477}
73 {481, 482, 492, 494, 516, 523, 524, 526, 530, 532, 540, 544}
74 {474, 475, 476, 479, 480, 481, 482, 483, 484, 488, 491, 494, 497, 498, 501, 502, 510, 513, 519, 520, 525, 527, 532, 536, 537, 538, 542, 543, 545, 548}
75 {474}
76 {475, 484, 493, 498, 507, 513, 523, 525}
77 {491, 493, 513}
79 {473, 474, 476, 477, 489, 501, 502, 524, 529, 536, 548}
80 {493}
81 {531}
82 {474, 499, 501, 510, 520, 524, 525, 529, 534}
83 {474}
84 {471, 482, 484, 488, 519, 546}
85 {479}
89 {474, 546}
90 {473, 474, 491}
91 {488, 505, 534}
93 {493, 508, 517}
94 {476, 478, 484, 486, 487, 489, 494, 496, 501, 502, 506, 509, 510, 518, 520, 524, 525, 537, 538, 539, 544, 547, 548}
95 {537}
97 {473, 511}
98 {472, 490, 491, 493, 494, 495, 497, 504, 513, 517, 519, 529, 540, 545, 549}
99 {471, 473, 476, 480, 482, 484, 493, 509, 511, 531, 536, 548}
100 {471, 473, 478, 480, 482, 483, 484, 485, 489, 494, 496, 505, 509, 510, 516, 521, 526, 529, 532, 541, 543, 548}
101 {484, 491, 496, 517, 526, 547}
102 {470, 477, 484, 492, 493, 496, 499, 504, 517, 537, 539, 546}
103 {545}
105 {476, 484, 491, 497, 510, 517, 531, 538}
107 {474, 480, 486, 496, 509, 515, 531}
110 {474, 480, 493, 502, 531, 536}
111 {471, 474, 483, 496, 502, 540, 543, 545, 549}
113 {494, 514, 515, 517, 530, 532}
116 {517}
120 {478, 492, 493, 495, 499, 500, 504, 510, 517, 524, 525, 526, 530, 534, 536, 537, 539}
125 {479, 498, 524, 540}
126 {481, 513, 523}
129 {470, 477, 482, 488, 532, 543, 546}
130 {470, 472, 475, 478, 482, 485, 487, 489, 490, 496, 499, 500, 505, 513, 517, 521, 523, 524, 532, 533, 541, 543, 544, 546}
131 {490, 517, 518, 532}
132 {471}
133 {517, 526}
135 {502, 504, 515, 516, 526, 531, 532, 544, 545, 547}
136 {477, 483, 498, 522, 539}
137 {476, 484, 489, 493, 496, 499, 501, 514, 517, 518, 524, 525, 528, 530, 532, 533, 537, 539, 547, 548, 549}
138 {485, 536}
139 {479, 487, 507, 519}
142 {477, 526}
143 {474, 483, 493, 509, 517, 542}
144 {505}
145 {472, 479, 485, 487, 488, 500, 503, 505, 508, 516, 519, 521, 523, 541, 543, 546}
146 {488, 505, 541}
147 {488, 500, 505, 521, 541, 546}
148 {488, 505, 541}
149 {505, 539, 549}
150 {471, 483, 487, 499, 502, 505, 521, 528, 530, 533, 541, 548}
151 {473, 516, 541, 542}
152 {505}
153 {541}
154 {470, 477, 478, 479, 481, 484, 487, 491, 493, 496, 497, 498, 501, 506, 515, 519, 520, 522, 524, 525, 526, 528, 530, 531, 535, 536, 537, 539, 542, 544, 547, 548}
155 {473, 484, 498, 505, 539, 541, 543}
157 {548}
158 {470, 479, 481, 488, 490, 495, 496, 499, 503, 504, 507, 508, 516, 519, 521, 523, 524, 532, 533, 539, 543, 546}
159 {473}
160 {481, 489}
161 {488, 505, 512, 516, 541, 546}
162 {470, 475, 488, 503, 505, 516, 524, 541, 546, 547}
163 {471, 480, 481, 484, 489, 491, 492, 493, 496, 497, 498, 499, 504, 512, 514, 517, 524, 525, 528, 530, 534, 541, 544, 545}
164 {478, 490, 509}
166 {473, 485, 496, 505, 534, 539, 544}
167 {470, 475, 476, 477, 479, 480, 483, 486, 490, 491, 492, 497, 499, 504, 505, 508, 518, 519, 520, 521, 524, 526, 530, 538, 539, 542, 543, 544, 545, 547, 548}
168 {488, 505, 541}
169 {470, 475, 479, 480, 483, 484, 486, 490, 493, 500, 501, 502, 503, 506, 509, 516, 517, 518, 520, 523, 536, 537, 544, 546, 548, 549}
170 {471, 473, 474, 480, 493, 494, 496, 509, 510, 537, 542}
171 {472, 485, 487, 488, 500, 503, 505, 508, 516, 519, 523, 526, 533, 541, 543, 546}
172 {493, 498, 501, 515, 517, 520, 522, 528, 531, 536, 547}
174 {491}
175 {533}
176 {505, 534}
177 {505}
178 {485, 488, 500, 501, 505, 508, 515, 520, 530, 541, 543, 546}
179 {488, 505, 541, 546}
180 {505, 516}
181 {488, 489, 490, 505, 541, 546}
182 {505}
183 {472, 479, 485, 488, 505, 516, 521, 541, 546}
184 {505}
185 {505, 540}
186 {472, 479, 485, 487, 488, 500, 503, 505, 508, 516, 519, 521, 523, 541, 543, 546}
187 {470, 479, 505, 508, 519, 521, 541}
188 {505}
189 {473, 488, 489, 505, 516, 534, 537, 541, 544}
190 {472, 478, 480, 486, 488, 489, 493, 499, 500, 503, 505, 508, 513, 519, 526, 535, 540}
191 {478, 505}
192 {488, 505}
193 {505}
194 {505}
195 {492, 505, 506, 514}
196 {507}
197 {505, 519}
198 {505}
199 {505, 508}
200 {492, 495, 505, 534, 540, 543}
205 {537}
206 {470, 471, 472, 474, 475, 476, 478, 480, 481, 482, 484, 486, 491, 492, 493, 494, 496, 497, 498, 500, 501, 502, 503, 504, 505, 506, 510, 511, 512, 513, 514, 515, 516, 517, 518, 519, 520, 521, 522, 523, 525, 526, 527, 528, 529, 530, 531, 532, 533, 534, 536, 538, 540, 541, 542, 543, 544, 545, 546, 547, 548}
209 {541}
210 {470, 521, 541}
211 {508, 521, 541, 543}
213 {495, 501}
214 {476, 477, 479, 481, 488, 491, 494, 495, 501, 502, 503, 504, 509, 510, 511, 519, 520, 521, 523, 525, 529, 547}
215 {497, 502, 523, 527, 528, 547, 548}
217 {516}
218 {493, 498}
219 {492, 544}
221 {499}
222 {471, 479, 487, 497, 505, 514, 517, 524, 530, 538, 540, 542, 546}
223 {515, 519}
224 {478, 479, 481, 485, 487, 488, 490, 492, 495, 501, 505, 506, 507, 508, 509, 510, 513, 514, 515, 517, 518, 519, 520, 521, 522, 531, 534, 539, 540, 541, 542, 543, 547}
225 {488, 493, 496, 505, 519}
226 {488, 505, 507}
227 {505, 530}
228 {485, 505, 541}
229 {477, 499, 505, 531}
230 {505}
231 {505, 521}
232 {505}
233 {505, 514}
234 {505}
235 {505, 508}
236 {475, 483, 490, 505, 508, 511, 516, 535, 536, 543, 546, 548}
237 {471, 474, 490, 501, 505, 520, 531}
238 {470, 471, 491, 497, 499, 502, 505, 524, 527, 531, 545}
239 {483, 505, 516, 518, 543}
240 {546}
241 {494, 496, 505}
242 {474, 487}
243 {477, 484, 498, 502, 509, 510, 515, 524, 525, 536}
244 {470, 491, 495, 496, 502, 503, 504, 505, 506, 524, 543}
245 {495, 498, 546}
246 {481, 486, 501, 520, 532, 543}
247 {485, 487}
248 {494, 496, 523}
249 {494}
250 {477, 481, 486, 493, 494, 500, 502, 503, 504, 506, 507, 508, 509, 515, 516, 518, 523, 525, 526, 531, 535, 538, 541, 546, 547}
251 {477, 481, 486, 493, 496, 500, 502, 503, 504, 506, 507, 508, 515, 516, 523, 525, 526, 531, 535, 538, 539, 541, 546, 547}
252 {505, 507, 546, 547}
253 {488, 505}
256 {532}
258 {495, 506}
259 {483}
260 {478, 479, 483, 509, 527, 532, 534}
261 {477, 478, 494, 495, 509, 515, 538, 544, 545}
262 {488, 489, 499, 503, 506, 513, 519, 521, 532, 533, 538, 543, 544, 549}
263 {477, 496, 545}
264 {516}
265 {505}
266 {476, 505}
267 {480, 491, 505, 510, 514}
268 {505, 516, 534, 541, 544}
269 {505}
270 {488, 505}
271 {505}
272 {486, 490, 505, 515, 531}
273 {488, 501, 505, 520, 531, 549}
274 {505, 514}
275 {477, 505, 537}
276 {505}
277 {470, 471, 472, 477, 478, 482, 483, 485, 486, 490, 492, 498, 499, 500, 506, 507, 508, 509, 510, 511, 514, 516, 523, 526, 527, 531, 532, 535, 536, 541, 543, 544, 547, 548}
278 {470, 483, 492, 498, 500, 507, 510, 514, 523, 527, 535, 541, 544, 549}
279 {505}
280 {505}
281 {505, 528}
282 {505}
283 {477, 479, 487, 488, 500, 505, 508, 516, 519, 521, 526, 533, 541, 543, 546}
284 {472, 487, 490, 499, 505, 519, 521, 541}
285 {473, 479, 487, 496, 500, 504, 505, 521}
286 {471, 505}
287 {505}
288 {505}
289 {475, 505}
290 {478, 481, 488, 505, 507, 510}
291 {482, 487, 492, 499, 505, 507, 510, 517, 522}
292 {485, 505, 507}
293 {505}
294 {505}
295 {505}
297 {471, 480, 529, 539}
298 {487, 505}
299 {487, 505}
300 {487, 505}
301 {505}
302 {505}
303 {505, 534}
304 {505, 541}
305 {485, 488, 505}
306 {499, 500, 503, 505, 521}
307 {476, 485, 487, 490, 492, 494, 495, 501, 505, 506, 508, 510, 513, 516, 518, 520, 529, 530, 534, 541, 546, 548}
308 {499, 505, 517}
309 {505}
310 {505, 528}
311 {505, 507}
312 {485, 505, 525, 533, 547}
313 {485, 487, 499, 505, 524}
314 {471, 505, 523, 527}
315 {505}
316 {482, 505}
317 {505, 507}
318 {505}
319 {505}
320 {505, 529}
321 {505}
322 {505, 530}
323 {490, 503, 505, 509}
324 {475, 483, 490}
327 {484, 531, 542}
329 {474, 478, 493, 497, 499, 502, 504, 506, 517, 525, 526}
331 {497}
332 {475, 479, 480, 484, 492, 494, 495, 496, 498, 499, 509, 510, 512, 517, 518, 523, 525, 534, 537, 538, 547}
333 {491, 532, 535}
334 {470, 475, 478, 486, 488, 498, 501, 507, 508, 520, 541, 543}
335 {534}
336 {486, 509, 518, 526}
337 {471, 473, 475, 476, 478, 484, 486, 489, 491, 492, 493, 494, 496, 497, 498, 499, 501, 502, 504, 506, 509, 510, 514, 515, 517, 518, 520, 522, 524, 525, 526, 527, 529, 530, 532, 536, 539, 540, 542, 545, 547, 548}
338 {472, 478, 484, 486, 495, 496, 500, 507, 509, 514, 518, 539, 542, 543, 546}
342 {514}
343 {523}
345 {472, 476, 478, 481, 483, 488, 489, 492, 497, 502, 503, 518, 519, 523, 531, 536, 538, 540}
347 {483, 487, 494, 507, 509, 517, 533, 541}
348 {477, 478, 487, 494, 541}
350 {471, 492, 528}
351 {518}
353 {507, 514, 532, 535}
355 {482, 486, 515, 546}
356 {490, 501, 504, 517, 520, 526}
357 {515}
358 {473, 478, 482, 488, 493, 496, 510, 519, 536, 537}
359 {470, 473, 481, 484, 517, 530, 534, 541, 546, 547}
360 {476, 478, 487, 494, 506, 541, 548}
361 {504}
362 {482, 483, 489, 506, 509, 518, 528, 536, 540, 544, 545, 547, 548, 549}
363 {508}
364 {481, 484, 486, 492, 497, 519, 523, 532, 538, 548}
367 {486}
368 {534}
370 {497, 507, 519, 524, 526, 528}
371 {523}
372 {489, 491, 501, 504, 513, 516, 520, 533, 536}
373 {471, 472, 478, 479, 482, 483, 484, 490, 492, 494, 497, 498, 500, 501, 503, 507, 515, 520, 537, 545, 547}
374 {515}
376 {541, 544}
377 {478, 481, 503, 532}
379 {504, 508, 521}
380 {487}
381 {473, 493, 499, 517, 529}
383 {539, 541}
385 {477, 484, 518}
386 {487, 494, 497, 524}
389 {526, 530}
393 {478, 495, 522}
394 {487, 498, 549}
396 {532}
397 {489, 516, 544}
399 {530}
401 {473, 496, 521}
402 {473, 476, 478, 480, 484, 494, 497, 500, 501, 502, 504, 516, 519, 520, 537, 542, 544, 545, 548}
403 {470, 473, 477, 480, 485, 486, 487, 488, 490, 496, 500, 503, 505, 507, 514, 518, 519, 521, 523, 545}
404 {540}
405 {474, 479, 489, 497, 510, 514, 517, 528, 532, 535, 545}
406 {478, 491, 514, 521, 534}
407 {527, 529}
409 {492, 528}
410 {471, 487, 504, 510, 522, 524, 525, 527, 530, 536, 539, 544, 547}
411 {492, 531}
412 {479, 538, 541, 542}
413 {479, 482, 483, 485, 488, 499, 506, 515, 518, 519, 532, 534, 538, 542}
414 {519, 532, 545}
416 {471, 477, 481, 486, 488, 492, 493, 494, 496, 499, 514, 526, 528, 533, 537, 547, 548}
417 {498, 526, 533, 540, 547}
419 {495, 514, 530}
420 {477, 479, 480, 483, 485, 488, 489, 505, 508, 514, 516, 523, 532, 533, 543, 546}
421 {474, 477, 509, 524, 530, 534, 537, 546}
422 {517}
423 {470, 471, 474, 475, 476, 478, 479, 480, 481, 482, 484, 490, 491, 492, 495, 496, 497, 498, 499, 501, 502, 504, 506, 509, 514, 517, 519, 520, 523, 525, 526, 527, 528, 529, 531, 532, 533, 535, 536, 538, 540, 544, 545, 547, 548}
424 {484, 514, 526, 527, 531, 535, 544}
425 {470, 477, 487, 488, 492, 499, 500, 503, 504, 509, 514, 519, 524, 528, 548}
426 {477, 484, 487, 493, 497, 504, 509, 514, 519}
429 {471, 495, 497, 499, 504, 507, 517, 534, 544, 545}
432 {480, 531}
433 {484}
435 {504, 514}
436 {514}
437 {514}
438 {481, 491, 543}
439 {493, 514}
440 {477, 485, 502, 526}
442 {475, 490}
443 {470, 497, 498, 522, 527, 530, 544}
444 {544}
445 {485, 528, 530, 533, 534}
446 {504, 527, 544}
447 {544}
448 {523}
449 {487}
450 {481, 493, 501, 502, 519, 520, 525}
452 {499, 531}
453 {491, 502, 524, 527, 540}
454 {476, 484, 491, 492, 501, 502, 505, 506, 507, 510, 511, 512, 514, 520, 521, 522, 526, 527, 536, 538, 540, 544, 547, 548}
455 {474, 480, 482, 484, 492, 501, 511, 513, 517, 519, 520, 526, 530, 533, 536, 545}
456 {501, 506, 510, 514, 520, 526, 536, 544}
457 {542}
460 {520}
461 {482, 495, 499, 527, 542}
463 {524}
464 {487, 500, 504, 505, 509, 539, 544, 547}
465 {474, 480, 496, 504, 524, 527, 532, 534, 536, 544, 547, 548}
468 {481, 514, 527}
469 {470, 478, 534}
470 {496, 511, 537}
471 {478, 484, 489, 492, 493, 506, 522, 524, 540}
472 {476, 534}
473 {471, 489, 502, 504, 506, 510, 514, 522, 524, 527, 534, 539, 540, 547}
474 {474, 492, 497, 499, 506, 509, 510, 519, 520, 523, 525, 528, 529, 531, 533, 538, 540, 548}
475 {471, 481, 497, 499, 540, 545, 547}
476 {498, 506, 520, 528, 533}
477 {477, 530, 541}
478 {474, 495, 499, 501, 514, 520, 523, 534}
479 {471, 485, 487, 488, 493, 507, 517, 524, 526, 542, 547}
480 {502, 504, 506, 525, 547}
481 {471, 473, 476, 479, 480, 482, 484, 491, 492, 493, 495, 496, 497, 498, 502, 504, 514, 517, 525, 526, 528, 529, 531, 536, 537, 538, 540, 547, 548}
482 {530}
483 {470, 478, 519}
484 {475, 480, 481, 483, 493, 498, 502, 511, 513, 529, 538, 540, 546, 549}
485 {491, 516, 521}
486 {476, 481, 485, 499, 500, 501, 503, 510, 519, 520, 525, 546}
487 {470, 471, 476, 481, 482, 486, 492, 493, 495, 498, 501, 504, 506, 510, 515, 520, 525, 529, 536, 538, 540, 545, 547}
488 {476, 490, 504, 507, 509, 534, 546}
489 {475, 487, 490, 492, 505, 519, 521, 532, 543, 544}
491 {476, 524}
492 {470, 471, 478, 482, 490, 510, 516, 519, 525, 533}
493 {546}
494 {471, 481, 493, 495, 497, 504, 506, 510, 518, 529, 532, 540, 547}
495 {529}
497 {474, 479, 480, 481, 482, 488, 492, 497, 511, 514, 519, 524, 525, 529, 530, 534, 547, 548}
498 {501, 510, 520, 524}
499 {476, 489, 504, 509, 519, 524, 525, 527, 528, 539, 544, 547}
500 {501, 510, 520}
501 {492, 493, 522}
505 {494}
506 {501, 520, 525, 529, 542}
507 {481}
508 {481}
510 {485, 487, 539}
511 {470, 481, 524, 540}
512 {498, 544, 546}
513 {471, 483, 485, 488, 489, 492, 499, 513, 514, 517, 519, 539, 548}
515 {476, 528}
516 {471, 476, 480, 506, 536, 548}
517 {529}
518 {489, 510}
519 {501, 518, 536}
520 {525}
521 {471, 473, 476, 480, 501, 504, 506, 511, 520, 522, 528, 531, 532, 536, 548, 549}
522 {471, 473, 476, 499, 511, 517, 531, 536, 540, 545}
523 {473, 476, 531, 536, 545}
524 {475, 488, 490, 499, 510, 536, 542, 543, 548}
525 {489, 497}
526 {477}
527 {524}
528 {477}
531 {475, 485, 523, 542, 545, 548}
532 {471}
536 {504, 540}
537 {482}
538 {471, 473, 475, 476, 483, 492, 498, 502, 505, 517, 526, 528, 529, 531, 533, 545, 547, 549}
539 {502, 538}
545 {480, 483, 499, 507, 508, 527, 531}
546 {471, 480, 487, 500, 503, 506, 531, 545, 547}
554 {472, 478, 479, 480, 489, 494, 506, 509, 515, 517, 518, 527, 528, 534, 538, 542}
555 {495}
556 {539}
557 {478, 500, 502, 534}
559 {475, 480, 491, 493, 499, 515, 517, 522, 529, 545, 548}
560 {535, 540}
561 {474, 477, 480, 482, 486, 494, 495, 496, 498, 499, 501, 510, 513, 520, 525, 533, 536, 538, 539, 543, 545}
562 {470, 482, 496, 498, 506, 518, 545}
563 {475, 483, 496, 526, 534, 541}
567 {524}
568 {500, 503, 519}
570 {481, 485, 488, 493, 497, 504, 506, 511, 531, 532}
571 {532}
573 {481, 491, 497, 501, 502, 515, 520, 525, 549}
576 {486}
578 {491, 497, 530}
579 {481, 499, 514, 533, 544, 547}
580 {484, 500, 517}
581 {475, 482, 500, 503, 508, 532, 538}
583 {470, 472, 500, 503, 519, 534, 546}
584 {487}
585 {487, 541, 543}
587 {470}
589 {478, 528, 534, 538, 541, 549}
593 {489, 534}
596 {470, 477, 478, 479, 487, 488, 494, 500, 503, 516, 519, 521, 523, 532, 533}
598 {494, 507}
599 {473}
600 {491, 492, 493, 495, 502, 510, 513, 516, 531, 542, 543, 545, 547, 548}
601 {495, 506}
604 {473, 485, 488, 546}
605 {478, 541}
606 {476, 522, 526, 541, 547}
607 {521}
610 {479, 546}
613 {479, 519, 532}
614 {488}
620 {483, 487, 490, 500, 503, 508, 517, 532, 538, 541, 543}
625 {488, 528, 530, 535}
626 {529}
627 {501, 516, 520, 524}
630 {475, 483, 531}
632 {543}
633 {479, 530}
634 {507, 521, 530}
635 {473, 504}
636 {477, 486, 494, 500, 505, 509, 514, 516, 534, 535}
637 {544}
638 {473, 512, 517, 530, 543, 549}
640 {472, 488, 516, 542, 546}
643 {488}
644 {500}
645 {470, 473, 477, 494, 495, 500, 503, 518, 520, 523}
649 {472, 485, 488, 500, 503, 508, 546}
652 {485, 488, 500, 503, 546}
654 {472, 491, 500, 503, 546}
655 {472, 500, 503, 508, 519, 521, 526, 546}
656 {472, 500, 508, 516, 546}
657 {472, 488, 490, 500, 508, 521, 540, 546}
658 {481, 543}
663 {521, 543}
664 {485, 521}
665 {521}
666 {513, 514, 521}
667 {472, 478, 482, 487, 488, 495, 498, 499, 503, 504, 505, 506, 513, 524, 533, 534, 535, 539, 541, 542, 543, 547}
668 {514, 518, 533, 544}
669 {521}
670 {521}
671 {521}
672 {530}
673 {521}
674 {521}
675 {488, 521}
676 {521}
677 {472, 479, 486, 493, 505, 513, 514, 521, 523, 533}
678 {485, 486, 487, 495, 500, 501, 504, 509, 520, 521}
679 {471, 473, 482, 487, 500, 503, 514, 519, 521, 525, 532, 534, 543, 545}
680 {475, 477, 482, 483, 485, 490, 499, 504, 513, 514, 521, 532, 533, 544}
681 {477, 500, 505, 506, 509, 521, 523}
682 {508, 510, 521}
683 {521}
684 {472, 481, 484, 490, 491, 505, 524, 525, 532, 539, 543}
685 {481, 484, 487, 509}
687 {473, 513, 521, 528}
688 {521}
689 {515, 521}
690 {470, 542, 543}
692 {496, 521, 526, 527}
693 {521}
694 {479, 496, 513, 515, 521, 545}
696 {495, 543}
697 {475, 488, 496, 519, 543, 546}
699 {521}
700 {472, 482, 489, 491, 496, 499, 516, 517, 521, 526, 539, 542, 543}
701 {543}
702 {515, 521}
703 {521}
704 {521}
705 {481, 485, 500, 508, 513, 514, 521, 523, 532}
706 {521}
707 {521}
708 {473, 521}
709 {500, 503, 521}
710 {478, 479, 481, 493, 499, 517, 521, 526, 536, 543, 544}
711 {521}
712 {521, 529}
713 {521}
714 {488, 521}
716 {496, 500, 503}
717 {475, 476, 479, 483, 486, 490, 505, 509, 515, 516, 529, 546}
718 {542}
719 {503, 510, 527, 531}
720 {471, 472, 477, 495, 516}
721 {542}
723 {513, 519, 533}
724 {521}
725 {521}
726 {521}
727 {494, 517, 521, 546}
728 {521}
729 {519, 521}
730 {484, 485, 500, 503}
731 {472, 480, 482, 488, 491, 502, 516, 521, 546}
732 {477, 489, 521}
734 {486, 517, 521, 547}
735 {489, 521, 524, 534}
736 {479, 486, 488, 493, 514, 521, 532, 540}
737 {521}
738 {521}
739 {513, 521, 523, 535}
740 {495, 501, 521}
741 {485, 510, 521, 532, 543}
742 {505, 521, 523, 528, 541}
743 {477, 508, 510, 521, 535, 543, 547}
744 {521}
745 {479, 481, 521}
746 {507, 521}
747 {476, 514, 521, 526, 527, 535, 547}
748 {521}
749 {504, 521}
750 {521}
751 {521}
752 {521}
753 {521}
754 {521}
755 {487, 521, 541}
756 {521}
757 {470, 482, 516, 521, 543}
758 {479, 483, 489, 521, 531, 534, 538, 546, 549}
759 {488, 500, 503, 505, 508, 521, 543}
760 {488, 500, 503, 505, 508, 521, 543}
761 {521}
762 {479, 511, 521}
763 {521}
764 {521}
765 {518, 521}
766 {521, 534}
767 {495, 507, 519, 521}
768 {521}
769 {473, 521}
770 {472, 479, 480, 481, 485, 488, 506, 515, 516, 520, 525, 529, 546}
772 {496}
773 {516}
775 {484, 496, 499, 500, 502, 503, 506, 517, 529, 530}
776 {474}
777 {516, 519}
778 {472, 485, 491, 500, 503, 508, 516, 522, 523, 526, 541, 543}
779 {472, 485, 491, 500, 503, 508, 516, 522, 523, 526, 541, 543}
780 {545}
782 {473, 495, 527, 547}
783 {479, 498}
784 {477, 478, 487, 490, 503, 504, 513, 523, 535, 536, 539, 547, 548}
786 {476, 486, 494}
788 {470}
789 {530, 546}
790 {517, 519, 534}
791 {516}
792 {474, 476, 504, 513, 530}
793 {479, 490}
795 {471, 473, 478, 484, 487, 490, 491, 494, 497, 499, 500, 501, 503, 509, 516, 517, 520, 525, 526, 528, 529, 530, 531, 532, 539, 542, 548}
796 {537}
797 {532, 544}
799 {471, 473, 474, 481, 487, 496, 501, 502, 503, 506, 509, 518, 520, 526, 531, 532, 542, 547}
800 {474, 480, 502, 527, 531}
801 {504}
802 {496}
803 {502}
804 {471, 480, 491, 493, 497, 499, 500, 502, 503, 517, 518, 519, 524, 528, 531}
805 {502, 531, 538, 539, 542}
806 {475, 483, 500, 503}
807 {484, 546}
809 {470, 478, 498, 506, 517, 526, 547}
810 {470, 480, 493, 499, 501, 518, 520, 526, 537}
812 {513}
814 {481, 488, 493, 494, 497, 498, 499, 504, 506, 511, 513, 524, 525, 533, 536, 539, 544, 545}
816 {495, 504}
817 {471}
818 {488, 490, 499, 508, 519, 528, 546}
819 {501, 520, 524, 528}
820 {537}
821 {470, 477, 479, 481, 482, 486, 489, 496, 497, 501, 506, 510, 513, 520, 522, 523, 524, 525, 528, 532, 534, 537, 538, 540, 544, 547, 548, 549}
823 {494, 533}
824 {513}
825 {471, 480, 496, 506, 525, 528, 547, 548}
831 {479, 513, 537}
832 {470, 547}
833 {470, 473, 476, 479, 484, 493, 498, 501, 504, 506, 513, 517, 519, 520, 524, 525, 526, 528, 529, 536, 540, 547}
835 {472, 473, 475, 477, 483, 486, 494, 501, 506, 509, 517, 518, 520, 524, 526, 538, 549}
836 {479, 494}
838 {482, 484, 510, 514, 536, 542, 548}
839 {476, 493, 526, 547, 548}
841 {482, 496, 499, 502, 537, 547, 548}
842 {479, 492, 497, 504, 527, 544}
844 {498, 531}
846 {470, 528}
848 {481, 525, 532, 545}
849 {506}
850 {485, 491, 535}
852 {471, 481, 530, 546}
853 {507}
854 {470, 476, 489, 492, 495, 509, 514, 529, 538, 548}
857 {476, 480, 489, 492, 497, 501, 519, 520, 526, 531, 534, 538, 540, 549}
858 {474, 478, 480, 506, 511, 528, 540}
861 {532}
862 {474, 476, 479, 480, 482, 483, 484, 494, 497, 498, 501, 502, 506, 513, 519, 520, 525, 531, 542, 548}
863 {474, 476, 481, 491, 501, 514, 517, 520, 525, 532, 545}
866 {497, 502, 504, 524, 527, 529, 534, 535, 539, 542, 547}
868 {470, 495, 506, 507, 510, 525, 529}
871 {547, 548}
872 {475, 483, 490}
873 {513}
875 {476, 479, 483, 489, 490, 495, 513, 530, 536, 544}
876 {516, 545}
877 {492, 493, 498, 513}
878 {471, 473, 480, 481, 488, 509, 526, 531, 533, 542}
879 {519}
880 {477, 491, 506, 524, 543, 548}
883 {482, 490, 511, 516, 524}
884 {497, 528, 547}
885 {473, 476, 478, 499}
887 {473, 477, 478, 481, 485, 486, 494, 506, 509, 514, 518, 527, 543, 547, 548}
888 {471, 488, 499}
889 {493, 509}
891 {471, 491, 492, 526}
892 {486, 519, 529, 536}
893 {531}
895 {543}
896 {470, 474, 476, 477, 481, 487, 488, 497, 506, 510, 511, 516, 525, 529, 532}
901 {514, 526, 547}
904 {522, 546, 548}
906 {493, 496, 517, 547}
910 {493, 496, 504, 517, 525, 540, 543}
912 {537}
914 {472, 530, 541}
915 {471, 514, 540}
917 {547}
919 {519}
920 {485, 544}
922 {471, 477, 480, 482, 486, 488, 491, 493, 497, 500, 503, 515, 516, 519, 529, 532, 536, 537, 539, 541}
924 {481, 536, 538, 540}
925 {470, 476, 504, 524, 529, 534, 539}
926 {490, 515, 521, 539}
927 {541}
931 {474, 479, 480, 482, 491, 513, 519, 526, 531, 533, 534}
932 {470, 487, 517, 534, 542, 544}
934 {472, 479, 495, 498, 508, 523}
935 {501, 502, 520, 525, 536}
937 {470, 480}
938 {483, 486, 497, 503, 518, 540, 547}
940 {504, 519}
941 {470, 480, 492, 506, 519}
943 {545}
948 {514, 521, 534}
949 {506, 536, 537, 540}
951 {497, 513, 529}
953 {480}
954 {477}
955 {475, 476, 477, 483, 484, 485, 487, 488, 490, 494, 495, 497, 501, 503, 509, 511, 514, 519, 524, 526, 528, 535, 537, 538}
962 {480, 482, 496, 502}
963 {473, 491, 497, 507, 530, 536, 542}
965 {476, 497, 499, 506, 524, 538, 540}
967 {492, 514, 518, 519, 532}
969 {482, 513, 519, 533}
970 {504, 526}
971 {477, 480, 481, 489, 494, 498, 500, 504, 524, 526, 530, 532, 541, 542, 546, 549}
975 {481, 497, 515, 523, 530}
976 {485, 492, 526, 530, 540, 544}
977 {479, 482, 487, 490, 517, 526, 536, 541, 544}
978 {475, 476, 478, 480, 481, 483, 490, 498, 501, 510, 511, 520, 525, 528, 529, 534, 540, 549}
979 {477, 495}
981 {495, 496, 504, 513, 519, 527, 533, 540, 545, 549}
982 {470, 475, 478, 481, 483, 486, 489, 491, 492, 495, 499, 501, 502, 515, 516, 525, 529, 542, 543, 544}
983 {481, 485, 497, 544}
986 {479, 503, 528, 540}
988 {538}
992 {530, 536}
995 {484, 491, 510, 514, 515, 525, 532, 534, 538, 547}
996 {481, 502, 547}
997 {489, 495, 502, 510, 511, 516, 518, 525, 548}
999 {524}
1001 {479, 547, 548}
1002 {489, 501, 520}
1003 {470, 482, 489, 502, 519, 524, 531, 533, 534}
1005 {524}
1006 {470, 471, 474, 480, 483, 493, 496, 501, 517, 519, 521, 527, 537}
1007 {483, 484, 493, 519, 543}
1008 {534, 543, 547}
1014 {471, 506, 529}
1015 {498, 542}
1021 {501}
1022 {481, 492, 494, 527, 532, 546}
1023 {501, 520}
1025 {527}
1027 {470, 474, 480, 482, 497, 501, 517, 520, 528, 529, 533, 540, 548}
1029 {502, 526, 542, 545}
1032 {480, 482, 502, 531}
1033 {477, 481, 487, 493, 500, 505, 507, 509, 510, 542, 543}
1034 {544}
1036 {491, 514}
1037 {476, 536, 537, 542}
1038 {476, 507, 536, 537, 542, 544}
1039 {473, 474, 476, 477, 480, 488, 494, 495, 499, 500, 503, 504, 505, 506, 509, 510, 511, 516, 521, 529, 531, 543, 545, 548}
1041 {471, 473, 489, 501, 502, 510, 520, 536, 537}
1042 {491, 492, 530, 531}
1044 {473, 497, 506, 530, 536, 540, 547}
1045 {477, 527}
1046 {489, 528}
1047 {471, 476, 506, 508, 510, 525, 535, 536, 548}
1048 {476, 484, 489, 491, 492, 493, 497, 500, 502, 503, 504, 506, 510, 524, 525, 527, 529, 542, 544, 545, 547}
1049 {486, 489, 531, 538, 540, 545}
1050 {494, 527, 532}
1052 {545}
1053 {470, 486, 506, 509, 542}
1054 {481, 506, 524, 530}
1055 {470, 484, 536, 539}
1059 {482, 483, 501, 520, 525, 536}
1060 {477, 490, 514, 527, 530}
1061 {476}
1062 {514, 532}
1064 {471, 510, 524, 525, 527, 544, 547}
1065 {471, 484, 499, 503, 525, 543, 544}
1066 {501, 525, 535}
1067 {471, 489, 497, 502, 506, 510, 531, 542, 547}
1070 {497}
1071 {548}
1073 {489, 506}
1074 {471, 481, 486, 502, 506, 509, 522, 531, 532}
1075 {471, 474, 475, 479, 480, 483, 498, 499, 500, 503, 527, 532}
1078 {471, 476, 484, 489, 491, 492, 501, 502, 506, 510, 511, 512, 514, 515, 517, 522, 525, 526, 527, 534, 536, 540, 544, 547, 548}
1079 {501, 520, 542, 544, 548}
1082 {470}
1083 {479, 507}
1084 {530}
1085 {499, 503, 530}
1086 {501, 520}
1087 {471, 480, 481, 484, 490, 498, 500, 506, 533, 540}
1089 {474, 479, 528}
1092 {475, 487}
1094 {490}
1095 {541}
1096 {478, 534}
1100 {486, 491, 493, 496, 499, 503, 505, 509, 514, 517, 523, 532}
1101 {544, 547}
1102 {547}
1103 {527}
1106 {532}
1108 {502, 524, 529, 532, 547, 548}
1110 {488, 509, 517, 518, 519}
1112 {472, 475, 483, 492, 504, 506, 508, 510, 514, 515, 516, 518, 526, 527}
1113 {490}
1114 {470, 475, 477, 501, 520}
1115 {544}
1116 {504, 525}
1118 {497}
1119 {548}
1121 {506}
1123 {470, 497, 528}
1124 {471, 473, 480, 483, 491, 501, 518, 520, 526, 528, 529, 540, 543, 546, 549}
1127 {528}
1129 {471, 480, 497, 511, 531, 536, 545, 547}
1130 {471, 476, 480, 483, 490, 492, 493, 497, 502, 517, 528, 531, 536}
1131 {478, 495, 499, 518, 522, 534, 539, 544}
1132 {472}
1133 {478, 522}
1135 {477, 492, 501, 504, 520, 526, 538, 540, 544}
1139 {485, 514, 519, 523, 530, 533, 535}
1140 {492, 540}
1143 {484, 499, 500, 544}
1144 {482, 492, 500, 520, 543, 544}
1145 {478, 490, 494, 517, 540}
1146 {470, 517, 530}
1147 {489, 498, 510, 514, 539, 546}
1148 {486, 509}
1149 {478}
1151 {498}
1152 {494, 528}
1153 {496, 504, 514, 517, 518, 526, 542}
1154 {472, 473, 479, 489, 505, 516, 524, 534, 537, 539, 541}
1155 {482, 483, 486, 487, 492, 493, 496, 505, 507, 509, 541}
1156 {470, 472, 505, 513, 524, 525, 534, 540}
1157 {470, 482, 496, 510, 513, 516, 523, 534}
1158 {485, 524, 534, 537}
1159 {472, 484, 487, 491, 492, 493, 495, 497, 498, 504, 507, 508, 512, 514, 515, 516, 517, 526, 527, 529, 530, 532, 540, 541, 543, 549}
1163 {499, 547, 548}
1164 {495, 499, 504, 530}
1165 {487}
1166 {481, 487, 493, 497, 498, 527, 530, 532}
1168 {472, 478}
1171 {478, 522, 524, 527, 546}
1172 {525}
1173 {495, 510}
1175 {495, 522}
1176 {484, 493, 526, 531}
1177 {504}
1179 {478, 479, 483, 489, 532, 533}
1180 {495}
1181 {478, 494}
1182 {484}
1184 {470, 499, 504, 530}
1185 {482, 491, 499, 532}
1187 {483}
1188 {470, 475, 480, 482, 485, 486, 497, 518, 521, 529, 545}
1189 {470, 471, 477, 478, 484, 485, 492, 494, 500, 503, 506, 509, 517, 518, 523, 527, 530, 537, 547}
1191 {477, 485, 492, 498, 513, 514, 515, 532}
1194 {472, 499}
1201 {489, 499, 523, 542}
1202 {472, 490, 496, 521, 524, 539}
1203 {470, 472, 484, 526, 531, 541, 543}
1206 {496}
1210 {530, 547}
1213 {481, 499, 504, 525, 527, 530}
1214 {499}
1218 {470, 476, 477, 478, 480, 485, 488, 489, 491, 492, 496, 498, 499, 501, 507, 508, 510, 516, 520, 525, 526, 527, 531, 532, 535, 541, 547}
1220 {482, 483, 498, 499, 504, 545}
1223 {515}
1227 {471, 499, 526, 530}
1230 {499, 548}
1231 {503, 539}
1232 {548}
1233 {477, 489, 499, 527, 548}
1234 {470, 477, 482, 484, 489, 494, 497, 517, 528, 529, 537, 548}
1235 {539}
1238 {504, 549}
1242 {476, 490, 522, 530, 532, 538, 541, 547, 549}
1243 {470, 495, 514, 532}
1246 {475, 477, 483, 487, 490, 515, 534}
1247 {520, 524}
1248 {533}
1249 {470, 477, 481, 495, 497, 529, 530, 538, 549}
1250 {519}
1251 {478, 495, 499}
1252 {476, 502, 517, 524, 529, 542, 545}
1253 {471, 479, 480, 531, 534, 542, 545}
1255 {487, 490, 498, 545}
1258 {495}
1259 {476, 493, 501, 508, 509, 520, 529}
1262 {490, 503}
1263 {543}
1265 {487, 488, 496, 500, 504, 507, 516, 541, 543}
1266 {494, 506, 509, 518, 538}
1267 {506, 509, 518, 538}
1268 {471, 500, 510, 524, 525, 536, 545, 548}
1269 {470}
1270 {509, 517}
1274 {494}
1275 {486, 509, 518}
1276 {514, 524}
1278 {486, 494, 506, 509, 518, 538}
1279 {477, 488, 541}
1280 {506}
1282 {484, 521, 535}
1284 {476, 494, 502, 506, 509, 518}
1285 {494, 506, 538}
1286 {519, 538}
1287 {494, 518, 538}
1288 {479, 484, 491, 493, 517, 542, 543}
1289 {484, 493, 542}
1290 {518, 538}
1292 {504}
1297 {478, 489}
1298 {479, 524}
1299 {472, 485, 491, 497, 519, 525, 533, 534, 544}
1300 {473, 486, 502, 506}
1303 {529, 534, 537}
1304 {477, 496, 505, 516}
1307 {489, 542}
1310 {491, 503, 532}
1317 {473, 480, 481, 491, 492, 497, 501, 520, 529, 531, 534, 536, 540, 545}
1318 {480, 519, 528}
1322 {498}
1323 {539}
1324 {543}
1325 {473, 505}
1328 {495, 496, 525, 535}
1330 {496, 515}
1334 {493}
1335 {494, 499, 501, 520, 532}
1340 {494, 539}
1341 {477, 481, 490, 498, 502, 538}
1342 {480, 498, 503, 508, 509, 519}
1343 {506}
1345 {487, 488, 505, 510}
1347 {487, 490, 492, 497, 499, 508, 524, 527, 530, 545}
1350 {485}
1352 {485, 500, 514, 532, 541}
1355 {522}
1358 {530, 537, 541}
1359 {481}
1361 {472, 477, 482, 490, 499, 508, 509, 510, 511, 531, 535, 547}
1369 {532, 547}
1373 {486, 506, 509}
1375 {498, 542}
1378 {507, 510, 515, 534}
1379 {487}
1382 {499, 543}
1383 {492}
1384 {470, 494, 495, 506, 523, 525, 545}
1385 {470, 477, 483, 514, 523, 532, 539}
1387 {541}
1388 {523}
1389 {470}
1390 {470}
1391 {470}
1392 {507}
1393 {470}
1396 {513}
1397 {532}
1398 {542}
1399 {470, 481, 507, 514}
1400 {471, 478, 487, 491, 501, 502, 520, 523, 528, 533, 542, 545, 548}
1401 {470, 474, 492, 502, 517, 519, 534}
1403 {475, 483, 490, 497, 516, 527}
1405 {498, 519}
1408 {501, 513, 520, 528}
1409 {494, 538}
1411 {470, 533}
1412 {533}
1414 {470, 489, 492, 533}
1416 {517}
1417 {480, 483, 497, 501, 502, 509, 510, 524, 529}
1418 {480, 482, 487, 496, 507}
1419 {470}
1420 {470}
1421 {470, 498}
1422 {532}
1423 {470, 474, 481, 501, 542}
1424 {546}
1425 {501, 515, 520, 531}
1426 {475, 478, 480, 482, 484, 486, 487, 490, 493, 494, 496, 497, 499, 504, 512, 513, 524, 528, 534, 543, 547}
1427 {472, 477, 482, 486, 503, 519, 530, 548}
1428 {487, 535}
1429 {485}
1431 {478, 546}
1432 {538}
1433 {523, 532}
1434 {476, 482, 483, 488, 498, 509, 518, 526, 538, 542}
1435 {496}
1437 {498, 524, 545}
1438 {477, 487, 489, 498, 517, 524}
1439 {545}
1440 {475}
1441 {489, 524}
1442 {509}
1443 {484, 493, 500, 542, 543, 544}
1444 {513, 518}
1445 {473}
1446 {482}
1447 {489, 527}
1448 {541}
1450 {470, 476, 499, 542, 546}
1452 {477, 522, 526}
1453 {470, 492, 504, 542}
1454 {481, 482}
1456 {502, 506, 540}
1457 {485, 511, 544}
1459 {483, 493, 532}
1460 {495, 513, 523, 542, 547}
1462 {510, 527, 528, 548}
1465 {510}
1466 {495, 524}
1467 {487, 527, 537, 540}
1468 {537}
1471 {470}
1472 {488, 546}
1473 {476, 477, 480, 483, 490, 498, 502, 508, 518, 522, 527, 529, 536, 538, 540, 547}
1474 {477, 484, 497, 503, 506, 517, 524, 543}
1475 {528}
1476 {471, 530}
1479 {477}
1480 {546, 547}
1481 {506}
1482 {494, 506, 507, 511, 517, 542}
1483 {474}
1485 {471, 474, 502}
1486 {514, 527}
1487 {541}
1488 {482, 489, 498, 504, 518, 533, 538, 539, 544, 545, 547, 548}
1489 {470, 475, 487, 494, 504, 509, 511, 518, 519, 524, 527, 539, 544, 547}
1490 {474, 479, 529, 549}
1491 {533}
1492 {496, 537, 547, 548}
1493 {506, 509}
1494 {470, 477, 481, 488, 496, 497, 499, 500, 503, 517, 523, 532, 533, 534, 546, 549}
1495 {495, 496}
1496 {481, 483, 549}
1497 {474, 485, 488, 489, 506, 513, 525, 527, 548}
1498 {476, 502, 548}
1500 {480, 482, 491, 494, 511, 534, 536, 538, 545}
1501 {471, 480, 488, 490, 491, 496, 501, 502, 507, 525, 529, 531, 540}
1502 {523}
1503 {528}
1504 {526, 547}
1505 {473, 478, 538}
1507 {477, 480, 481, 523}
1508 {510, 522, 524, 527, 530, 532, 547}
1509 {478, 495, 497, 499, 506, 509, 510, 511, 515, 522, 526, 527, 529, 533, 540, 544, 547, 548}
1510 {488, 496, 522}
1513 {475, 480, 497, 545}
1516 {477, 488, 492, 502, 504, 513, 514, 530, 538}
1517 {477, 481, 489, 505, 516}
1518 {470, 474, 477, 482, 537, 547}
1519 {546}
1520 {483, 503}
1521 {474, 514, 527, 529}
1523 {477, 485, 486, 494, 518, 537}
1524 {502}
1528 {547}
1530 {496, 517, 547}
1532 {471, 476, 480, 484, 486, 487, 509, 517}
1533 {470, 481, 482, 487, 497, 504, 525, 546}
1534 {546}
1536 {478, 500, 503, 532}
1537 {477, 486, 494, 506, 509, 518}
1538 {470, 477, 478, 481, 494, 506, 518, 534, 537, 538, 546}
1540 {498, 530}
1542 {484, 549}
1544 {492, 493, 497, 498, 504, 512, 514, 529, 532, 544}
1545 {475, 483, 490, 539}
1546 {478, 486, 494, 509, 518}
1547 {473, 478, 534, 544}
1548 {477, 478, 496, 499, 516, 524, 537}
1549 {470, 471, 473, 478, 492, 506, 517, 523, 525, 532, 544}
1550 {490}
1551 {474, 483, 491, 497, 508, 511, 549}
1552 {522}
1553 {497}
1554 {499}
1555 {487, 501, 520, 540}
1556 {491, 498, 501, 520, 528, 529, 531, 536, 545, 549}
1557 {490, 491, 493}
1560 {479, 544}
1564 {497, 529, 535}
1566 {477, 495, 497, 514}
1567 {510, 515}
1568 {478, 496, 537}
1569 {485}
1570 {492, 504}
1571 {478, 494, 500, 503, 547}
1573 {473, 537}
1575 {478, 495, 512, 524, 529, 537, 548}
1577 {484, 491, 492, 493, 507, 527, 529, 540}
1578 {503, 530}
1582 {471, 480, 495, 496, 504, 523, 524, 539, 540, 547}
1583 {537}
1588 {492, 529}
1589 {499, 530, 546}
1592 {478, 488, 534}
1593 {524}
1594 {473}
1595 {495}
1596 {484}
1597 {487}
1598 {472, 474, 476, 488, 496, 497, 500, 504, 506, 509, 510, 519, 528, 549}
1599 {514}
1600 {487, 506}
1602 {482, 486, 504, 510}
1603 {496, 525, 535}
1604 {504}
1605 {542, 546, 548}
1606 {487}
1607 {488, 496, 506, 507, 537, 548}
1608 {487}
1609 {481}
1610 {492, 500, 503, 523}
1611 {511, 526, 529}
1615 {499, 504, 526, 527, 545}
1616 {499, 540}
1617 {502, 509, 518, 540}
1618 {530, 532, 544}
1621 {516}
1622 {513}
1623 {507, 541}
1627 {479, 516}
1628 {483, 489}
1630 {496, 517}
1631 {492, 518}
1632 {526, 544}
1633 {521, 548}
1638 {530}
1640 {475, 484, 488, 495, 502, 509, 513, 519, 525, 534, 543, 544}
1641 {478, 487, 534, 537, 542}
1645 {522, 535}
1647 {494, 498, 543}
1648 {495}
1649 {496, 507, 543}
1650 {485, 489, 490, 492, 495, 505, 509, 531, 549}
1653 {470, 472, 479, 487, 492, 516, 541, 543}
1655 {508, 518, 539, 544}
1656 {508}
1661 {475, 483, 488, 490, 496, 517, 546}
1662 {500, 503, 534}
1666 {472, 486, 494, 507, 525}
1667 {495, 510, 517, 524, 530, 542}
1669 {513, 519, 544}
1670 {495}
1671 {547}
1672 {470, 472, 524, 544, 546}
1673 {478, 488, 489, 516, 524, 546}
1675 {471, 492, 499, 514, 526}
1677 {534, 546}
1682 {516, 526}
1683 {496}
1684 {538}
1685 {478, 486, 488, 492, 504, 509, 510, 513, 515}
1686 {476, 498, 504, 505, 534}
1687 {472}
1688 {480, 481, 491, 492, 504, 511, 526, 532, 537, 542}
1692 {491, 494, 505, 509, 510, 524, 539}
1693 {530, 545}
1694 {477, 485, 487, 488, 497, 511, 516, 543}
1696 {517}
1697 {541}
1699 {502, 538}
1703 {477, 488, 507, 509, 512, 540, 543}
1704 {537}
1705 {478, 513}
1706 {470, 507, 508, 510, 516, 526, 529, 543, 546}
1707 {470, 475, 477, 491, 518, 538}
1708 {534}
1709 {494, 497, 529, 539, 541}
1710 {495, 501, 506, 514, 517, 520, 521, 537, 538}
1711 {475, 483, 490}
1714 {477}
1715 {497, 498, 509, 523, 529, 544, 547}
1716 {484, 498, 517, 523}
1717 {477}
1718 {530, 543}
1719 {517}
1722 {495, 510}
1723 {491, 492, 493, 517, 527, 529, 540}
1729 {497, 499, 519, 528, 536}
1732 {542}
1734 {471, 491, 508, 509, 527}
1740 {476, 491, 492, 502, 512, 527, 528, 529, 530, 540, 546, 547, 549}
1742 {472, 491, 530, 535}
1743 {505, 515}
1744 {471, 523, 527, 528, 540, 542}
1747 {470}
1748 {474, 480, 531}
1751 {516}
1753 {477, 481, 509, 532, 543}
1754 {470, 473, 480, 481, 482, 483, 491, 509, 510, 517, 522, 525, 538, 540, 548, 549}
1755 {496, 515}
1759 {496, 530, 537}
1760 {524, 526, 539}
1762 {486, 501, 520, 546}
1765 {484, 492, 527, 548}
1767 {501, 520}
1768 {482, 489, 542, 545}
1769 {480}
1770 {481, 499, 500, 503, 536, 546}
1771 {479, 481, 495, 510, 515, 519, 520, 525, 529, 545}
1772 {491, 495, 539, 549}
1775 {520, 523, 542, 547}
1776 {517}
1778 {499}
1780 {473, 519}
1782 {472, 492, 545}
1783 {478, 506, 526, 534, 540}
1785 {515, 534}
1786 {474, 475, 479, 480, 501, 506, 513, 520, 532, 537, 542, 545}
1787 {488, 496, 499, 507, 517, 519, 524, 539, 542, 545}
1789 {516}
1790 {481, 482, 546}
1791 {496, 497, 500, 506, 534, 547}
1792 {479, 497}
1793 {501, 520}
1795 {488, 538}
1796 {492, 506, 510, 515}
1797 {490}
1798 {502}
1800 {508}
1801 {474, 480, 481, 497, 501, 520, 522, 525, 528, 542}
1803 {480, 491, 495, 497, 498, 506, 511, 531, 538}
1805 {534}
1806 {474, 483, 507, 509, 511, 538}
1807 {471, 530}
1811 {472}
1812 {510, 515}
1814 {477, 481, 484, 488, 498, 528, 536}
1817 {517, 544}
1818 {546}
1820 {480, 496}
1823 {484, 497, 507, 511, 536, 543}
1825 {490}
1826 {470, 481, 482, 499, 501, 502, 509, 510, 513, 520, 527, 532, 542}
1830 {496, 515}
1836 {474, 481, 519}
1837 {475, 478, 479, 483, 484, 488, 547}
1838 {477, 481, 488, 497, 514, 521, 532, 538}
1839 {477, 507, 541}
1843 {481, 489, 510, 523}
1844 {484, 499, 519}
1846 {534}
1849 {481}
1850 {481, 523, 532, 549}
1851 {470, 489, 498, 501, 510, 520, 524, 536, 547}
1852 {471, 487, 497, 499, 514}
1855 {517, 536, 540}
1856 {477}
1857 {497, 523}
1858 {479}
1862 {474, 496}
1868 {478, 479, 480, 502, 519, 532, 538}
1871 {514, 519, 535, 547}
1873 {497, 502, 510}
1875 {520}
1876 {515, 528}
1878 {528}
1879 {480, 481, 497, 517, 519, 533}
1882 {533}
1885 {472, 488, 505, 541, 546}
1887 {497}
1890 {470, 471, 473, 545}
1892 {484, 511, 533}
1893 {539}
1894 {484, 539}
1897 {489, 510, 530, 545}
1898 {480, 498, 501, 519, 520, 531, 536}
1899 {478, 487, 495}
1900 {472, 524}
1901 {482}
1904 {479, 500, 549}
1905 {490}
1908 {488, 515, 534}
1909 {485, 488, 505}
1913 {503, 516}
1918 {484, 487, 500, 503, 519, 533, 542}
1919 {488, 528}
1922 {470, 475, 482, 523, 539}
1926 {484, 505, 539}
1927 {530}
1929 {470, 478, 484, 509, 510, 513, 517, 519, 523, 526}
1934 {470, 503, 513, 539, 540, 542}
1936 {488}
1938 {499}
1942 {475, 507, 516}
1944 {539}
1948 {528, 535}
1949 {488}
1950 {488, 498, 505, 546}
1957 {484, 546}
1958 {477, 485, 486, 547}
1963 {488, 493, 522, 543}
1966 {505, 515}
1967 {477, 505}
1968 {488}
1969 {488}
1971 {478, 495, 522, 546}
1972 {495}
1973 {529, 534, 542, 547, 549}
1974 {476, 506, 525, 539, 540, 547}
1975 {495}
1976 {495, 522, 535}
1979 {479, 484, 485, 496, 500, 502, 503, 517, 540, 544, 548}
1982 {485, 496, 504, 529, 546}
1983 {484, 488, 534}
1984 {476, 477, 494}
1985 {499, 504}
1986 {495}
1987 {495}
1988 {495}
1989 {495}
1990 {499}
1991 {495}
1992 {495}
1994 {481}
1995 {495}
1996 {495}
1997 {495, 499, 530, 531}
1999 {495, 507}
2000 {532}
2001 {512, 547}
2005 {492, 514}
2006 {526, 533, 547}
2014 {495}
2015 {475, 477, 483, 488, 498, 506, 516, 530, 549}
2016 {495, 522}
2017 {495}
2020 {491, 548}
2022 {495}
2024 {479}
2025 {504, 506, 507, 528}
2028 {494, 498}
2038 {471, 523}
2039 {471, 490, 501, 533, 536}
2040 {534}
2047 {489, 492, 544}
2048 {492}
2050 {499}
2052 {471}
2053 {532, 548}
2054 {475, 477, 483, 490, 499, 513, 514, 532}
2055 {535}
2057 {506, 514}
2059 {492, 498, 526}
2061 {487, 494, 509}
2063 {489, 508, 546}
2064 {490}
2066 {499}
2067 {478, 518, 545}
2068 {477, 488, 494, 500, 503, 514, 546}
2069 {480, 484, 548}
2070 {472, 477, 478, 509, 514, 543}
2073 {515}
2074 {471, 502, 545}
2075 {478}
2077 {476}
2078 {479, 545}
2079 {496, 506, 536}
2080 {496, 506, 507}
2083 {476, 505, 545}
2084 {479, 499}
2087 {499, 530}
2092 {472}
2094 {482, 513, 526}
2095 {497}
2096 {542}
2097 {478}
2098 {488}
2101 {490, 533, 536}
2105 {480, 493, 499, 522, 530}
2106 {493}
2108 {500}
2109 {484, 516}
2112 {485, 519}
2115 {489, 495, 534}
2116 {479}
2117 {504, 524, 527, 544}
2118 {483, 542}
2122 {486, 506, 507, 513, 534, 538}
2123 {509}
2126 {536}
2127 {475, 483, 507, 520}
2129 {510, 515, 534, 544, 546}
2130 {510, 515, 544, 548}
2135 {531}
2136 {473, 501, 506, 520, 548}
2137 {510}
2138 {476}
2140 {484, 488, 492, 501, 518, 527, 540}
2141 {488}
2142 {493, 540, 542}
2144 {485, 500, 503, 519, 543, 546}
2145 {470, 479, 519, 533}
2146 {509}
2149 {476, 493, 496, 501, 502, 504, 520}
2150 {478}
2152 {472, 478, 514}
2159 {480}
2161 {486, 487, 494, 518, 528}
2162 {495}
2163 {477, 485, 487, 488, 495, 513, 514, 539, 546}
2168 {470, 478, 494, 506, 509, 515, 518, 523, 535, 537}
2169 {506}
2170 {472, 502, 519, 521, 538, 543}
2171 {473, 487, 534, 537}
2172 {480, 491, 497, 508, 549}
2173 {492, 515}
2174 {508, 546}
2175 {500, 503, 530}
2177 {472, 500, 503, 508, 546}
2179 {500, 546}
2180 {477, 485}
2181 {514}
2184 {472, 478, 492, 503, 546}
2185 {470, 492, 495, 508, 532}
2186 {472, 521}
2190 {472, 500, 503, 508, 546}
2192 {509}
2193 {479}
2194 {491, 500, 503}
2197 {473, 511, 524}
2200 {488, 508}
2202 {477, 533}
2203 {472, 476, 480, 483, 492, 493, 522}
2206 {516}
2207 {500, 503}
2210 {476, 485, 504, 536}
2215 {488, 517, 537}
2217 {473, 547}
2219 {514}
2220 {502, 532, 541}
2221 {470, 471, 479, 504, 510, 530, 532, 540}
2223 {508, 543}
2224 {472, 505, 508, 516, 541, 543}
2227 {513}
2228 {496}
2229 {477, 500, 503, 529}
2230 {548}
2235 {472}
2236 {472}
2238 {481, 482, 508, 513, 515, 524, 539, 547}
2240 {494}
2242 {500, 503, 523}
2243 {497, 500, 503, 548}
2244 {508, 549}
2245 {508}
2246 {488, 491, 492, 494, 495, 502, 508, 531, 542, 543, 546}
2247 {516}
2250 {505}
2251 {474, 478, 480, 485, 488, 494, 509, 518, 523, 547}
2252 {500, 503, 543}
2256 {543, 546}
2257 {543}
2258 {543}
2259 {508, 543}
2260 {508, 543}
2262 {507, 516, 529, 543}
2263 {489, 499, 513}
2264 {479}
2265 {478, 488, 500, 503, 509, 518, 546}
2266 {478, 484, 489, 517, 527}
2268 {490, 496}
2271 {539}
2272 {475, 477, 496, 498, 502, 511}
2274 {540}
2277 {501, 520, 540}
2278 {492, 536}
2279 {540}
2280 {491, 497, 540}
2283 {472, 478, 492, 498, 509, 528, 538, 544}
2284 {503, 548}
2287 {510}
2289 {484, 491, 493, 498, 517, 540}
2291 {546}
2293 {532, 538}
2294 {470, 489, 500, 503}
2296 {470, 473, 546}
2297 {523}
2298 {484, 488, 503, 508, 533}
2300 {479}
2301 {473}
2302 {497}
2306 {487}
2307 {488}
2310 {473, 478, 497, 506, 515, 523, 532, 534, 546}
2312 {533}
2317 {516, 524, 540}
2318 {519}
2319 {489, 516}
2321 {479, 518, 530, 539}
2323 {493, 508, 514, 527, 542}
2325 {507}
2326 {488, 508, 516, 541, 546}
2327 {534}
2329 {546}
2330 {529, 546}
2332 {488}
2333 {488, 532, 546}
2334 {488, 546}
2335 {491, 497, 533}
2336 {546}
2338 {488, 546}
2339 {488, 546}
2340 {472, 488, 523}
2344 {478, 488, 489, 516, 546}
2345 {546}
2346 {500, 503, 508}
2347 {470, 485, 488, 500, 509, 518, 526}
2348 {478, 495}
2349 {478}
2350 {478, 481, 488, 498}
2351 {478, 480, 511, 531}
2352 {478}
2353 {478}
2354 {478, 494, 508, 516, 543}
2355 {471, 478, 482, 489, 503, 513, 518, 521, 545}
2356 {473, 478, 496, 523, 524, 532, 534, 539}
2357 {478}
2358 {478}
2359 {478}
2360 {470, 478, 485, 516, 517, 522}
2361 {471, 478, 518}
2362 {478}
2363 {478, 522, 539}
2364 {478}
2365 {478}
2366 {478}
2367 {478}
2368 {478}
2369 {478, 484}
2370 {478, 479, 499}
2371 {478, 481, 514}
2372 {478}
2373 {478}
2374 {478}
2375 {478, 504}
2376 {478}
2377 {478, 489, 492, 534, 539}
2378 {470, 477, 478, 509, 518, 533}
2379 {478, 514, 518}
2380 {472, 478, 484, 516, 549}
2381 {478, 485, 494, 509, 517, 522, 537, 544, 546}
2382 {478, 548}
2383 {478}
2384 {478}
2385 {478, 494, 534}
2386 {478, 495}
2387 {478}
2388 {478, 480, 532}
2389 {478, 482, 515}
2390 {478}
2391 {478}
2392 {478, 537}
2393 {478}
2395 {478, 506}
2396 {478, 480, 481, 502, 533, 540}
2397 {478, 483, 514, 544}
2398 {478, 495}
2399 {478}
2400 {478, 479, 481, 532}
2401 {470, 478, 481, 492, 495, 497, 500, 503, 514, 538, 548}
2402 {478}
2403 {478, 524}
2404 {478}
2405 {478, 524, 527, 539, 544}
2407 {478}
2409 {478, 495}
2410 {478, 486}
2411 {478}
2412 {478, 494, 522}
2413 {473, 478, 494, 522, 523, 534, 539}
2414 {478, 489, 547}
2415 {478}
2416 {478}
2417 {478}
2418 {478, 514, 543}
2419 {473, 478, 498, 502, 519, 521, 526, 533}
2420 {478, 494, 509, 518}
2421 {478}
2422 {478}
2423 {472, 478}
2424 {478}
2425 {472, 475, 477, 478, 515, 541}
2426 {478}
2427 {478}
2428 {478, 537}
2429 {475, 478, 483, 487, 488, 490, 517, 536}
2430 {478}
2431 {478}
2432 {478}
2433 {478}
2434 {478, 507}
2435 {471, 478, 502, 506, 536}
2436 {478, 519}
2437 {478, 482, 513}
2438 {478}
2439 {478, 482}
2440 {478, 524}
2441 {473, 477, 478, 482, 485, 489, 494, 498, 506, 509, 510, 514, 516, 526, 529, 532, 536, 548, 549}
2442 {478, 529}
2443 {477, 478, 489, 522, 530, 533, 538, 547}
2444 {475, 483, 490}
2445 {475, 483, 490}
2446 {475, 483, 490}
2447 {475, 483, 490, 546}
2448 {475, 490}
2449 {525, 530}
2450 {490}
2452 {475, 483, 490}
2454 {475, 483, 516, 527}
2455 {475, 483, 490, 499}
2456 {490}
2457 {471, 475, 482, 483, 489}
2458 {490}
2459 {488, 490}
2460 {490}
2462 {475, 483, 490, 497}
2463 {475, 482, 483, 490}
2464 {475, 483, 490}
2465 {502}
2469 {490}
2470 {490}
2472 {534}
2476 {488, 490}
2477 {475, 483, 490, 546}
2478 {489, 490}
2479 {475, 480, 493, 540, 545}
2480 {490}
2481 {490, 494, 502, 505}
2482 {488, 521}
2485 {477}
2487 {475, 483, 490, 517}
2489 {475, 516}
2490 {495, 522, 530, 538}
2491 {470, 499}
2493 {475, 483, 490}
2494 {479, 538}
2495 {490}
2496 {490}
2497 {488, 498}
2501 {490}
2502 {481, 482}
2503 {502}
2505 {474}
2507 {483}
2509 {471, 475, 476, 494, 497, 502, 518, 519, 523, 529, 540, 548}
2510 {546}
2512 {490, 507}
2515 {475, 531}
2517 {490}
2518 {490}
2520 {490}
2523 {490}
2524 {482, 490}
2525 {483}
2528 {470, 482, 485, 490, 508, 527, 536, 537, 545, 546}
2529 {477, 523}
2530 {490}
2531 {479}
2534 {488, 524, 546}
2537 {485, 488, 502, 516, 519, 529, 549}
2539 {473, 482, 501, 520, 528, 529, 531, 538, 545, 547, 548}
2542 {497, 548}
2543 {479, 531}
2544 {492, 528, 532}
2547 {529}
2550 {480}
2552 {510}
2553 {491, 492, 497, 517, 519, 546}
2554 {487}
2555 {470, 482, 484, 492, 498, 518, 528, 529, 536, 538, 549}
2557 {480, 491, 492, 493, 497, 511, 544}
2558 {490, 525, 545}
2564 {497, 542}
2565 {481, 497}
2568 {491, 493, 497, 527}
2572 {529, 538}
2574 {484, 516, 519, 535, 543, 547, 548}
2580 {487, 515, 539}
2581 {473, 485, 500}
2583 {471, 527, 537, 547}
2585 {473, 489, 534, 539}
2586 {477, 491, 497, 529}
2591 {472, 516, 522}
2592 {479, 539, 546}
2595 {521}
2596 {530}
2602 {528, 533, 544}
2604 {543}
2609 {485}
2617 {482, 500, 541}
2618 {485, 515}
2620 {499}
2621 {476}
2622 {490, 497}
2624 {477, 505, 534}
2626 {534}
2630 {494}
2632 {488, 521}
2633 {543}
2635 {488}
2637 {547}
2639 {470, 487, 516, 521, 544}
2640 {490, 514, 534, 546, 547, 548}
2642 {488, 493, 543}
2646 {481, 514}
2648 {475, 529, 536, 540}
2660 {514, 535}
2665 {477}
2666 {543}
2668 {547}
2670 {484, 493, 506, 526}
2677 {497}
2680 {517, 541}
2682 {472, 481, 515, 532}
2684 {504}
2685 {516}
2686 {506, 510}
2688 {519}
2689 {530}
2692 {524, 539, 544, 548}
2697 {546}
2700 {488}
2702 {475, 524, 531}
2706 {490}
2709 {493, 505, 517}
2712 {482, 501, 517, 520, 532}
2713 {475, 506, 513, 519, 525}
2714 {477, 492, 499, 513, 538, 545}
2717 {492, 497, 529}
2722 {475, 483, 490, 499, 541}
2723 {514, 545}
2724 {517, 548}
2726 {477, 482, 492, 522}
2727 {522}
2731 {523}
2732 {483}
2733 {496}
2735 {525, 535}
2737 {470, 513}
2738 {482, 510, 529, 536, 538}
2740 {472, 486, 515, 520, 529}
2741 {496}
2742 {513}
2744 {481, 492, 495, 502, 511, 515, 519, 540}
2745 {510, 549}
2747 {472, 496}
2750 {522}
2751 {522, 524, 538}
2756 {477, 482, 513, 545}
2758 {477, 488, 510, 539}
2760 {485, 540}
2765 {481}
2767 {497, 530}
2769 {520}
2770 {475, 499, 514, 544}
2771 {488, 500, 516, 521, 544}
2773 {497}
2775 {504, 524, 527}
2776 {495, 497, 538, 540, 545}
2778 {483, 498, 535}
2779 {475}
2781 {483}
2786 {490}
2787 {509, 514}
2788 {495, 533}
2789 {491, 538, 547}
2790 {484, 491, 492, 494, 496, 517, 518, 524, 547}
2791 {477, 504, 530}
2793 {504}
2794 {471, 501, 507, 520, 524, 527, 539}
2795 {544}
2796 {481, 506, 511, 525, 527, 544}
2797 {475}
2798 {480, 491, 497, 517, 540}
2799 {479, 485, 488, 489, 492, 500, 503, 508, 513, 519, 524, 533, 534, 538, 542, 544}
2804 {524}
2807 {502}
2808 {480, 519, 540}
2809 {490, 528}
2810 {500, 532, 538}
2811 {480, 491, 497, 501, 520, 526, 538}
2812 {538}
2814 {488, 522}
2817 {473, 497, 515, 529, 542}
2818 {492}
2819 {473}
2820 {531}
2825 {542}
2829 {497, 513, 529}
2834 {504, 528}
2835 {483}
2836 {477, 481, 483, 538, 540}
2837 {471, 511, 526, 529}
2838 {501, 520}
2841 {471, 515, 531, 545}
2842 {490, 496}
2844 {501, 520, 529, 538}
2845 {488, 500, 516}
2860 {475, 483, 499}
2862 {487, 508, 516, 541}
2865 {544}
2869 {505, 548}
2877 {521}
2882 {497, 529}
2885 {502, 505}
2893 {498}
2898 {490}
2899 {471, 473, 480, 493, 497, 498, 529, 531, 536, 546}
2903 {488, 530}
2906 {490}
2907 {504, 513}
2909 {491}
2922 {523}
2925 {470, 494}
2929 {487}
2932 {508, 516, 517, 532}
2943 {476, 501, 520, 533}
2949 {504}
2953 {491}
2954 {485, 488, 492, 498}
2955 {479, 517, 541}
2964 {471, 475, 481, 483, 484, 491, 492, 526, 535, 542, 547, 548}
2966 {488, 504}
2972 {471}
2973 {499}
2974 {493}
2975 {489, 492, 495, 496, 498, 503, 512, 527, 530, 541}
2976 {492}
2977 {470, 476, 481, 484, 491, 524}
2979 {542}
2980 {492, 496, 547}
2984 {488}
2985 {529}
2991 {491, 538}
2992 {492}
2993 {545, 547}
2994 {526, 537}
2997 {481, 493, 510}
2998 {471, 479, 483, 514, 527, 532}
2999 {477, 489, 507, 548}
3001 {543}
3002 {532}
3003 {489, 506, 548}
3004 {549}
3010 {487}
3011 {510}
3012 {482, 496, 529, 546}
3014 {493, 501, 520}
3019 {522, 533, 540}
3021 {496, 528}
3022 {473, 505, 508}
3023 {547}
3024 {509}
3025 {522}
3026 {481, 548}
3028 {477, 487}
3029 {534}
3030 {481, 522, 547}
3031 {537}
3032 {485, 493, 504, 526, 537}
3035 {473, 513}
3041 {496}
3042 {482, 485, 496, 498, 516, 538}
3045 {510}
3046 {515, 538}
3047 {472}
3048 {486, 496, 498, 511, 519, 531, 540}
3049 {515}
3050 {476, 477, 481, 488, 489, 506, 522, 527, 536}
3053 {498, 502, 531, 546}
3055 {480, 484, 519, 528, 537, 544, 548, 549}
3061 {494, 501, 507, 509, 518, 520, 532}
3063 {502}
3064 {527}
3069 {473, 485, 498, 524, 547}
3071 {480, 528, 531}
3072 {544}
3073 {490, 539}
3076 {487, 541}
3078 {500, 523, 539}
3080 {514, 545}
3084 {491, 519}
3085 {471, 476, 480, 502, 505, 507, 518, 519, 527, 528, 536, 538, 540, 542, 549}
3086 {528}
3087 {528}
3095 {470}
3096 {501, 515, 520, 548}
3098 {473, 496, 524}
3100 {470}
3106 {490, 543}
3109 {489}
3110 {472, 510, 536}
3111 {510, 536}
3113 {510}
3114 {497, 541}
3118 {514}
3119 {493, 498, 548}
3120 {476, 547, 548}
3121 {474, 498}
3122 {501, 520}
3123 {502, 528, 548}
3124 {476, 489, 510}
3129 {470}
3133 {503}
3137 {499, 500, 537}
3139 {476}
3142 {496}
3144 {524, 546}
3151 {472}
3153 {481, 488, 492, 500, 515, 524, 525, 546}
3154 {485, 487, 512, 546}
3156 {470, 529, 530}
3160 {495}
3162 {484}
3164 {540}
3168 {476, 492, 513}
3169 {470, 506, 518}
3172 {531}
3175 {482, 513}
3178 {502, 503, 514, 523, 532}
3181 {473, 494}
3182 {489, 500, 501, 503, 520}
3183 {484, 488, 495, 498, 499, 505, 526, 540}
3184 {504, 526, 548}
3185 {471, 474, 482, 536, 542, 548}
3188 {476, 518}
3189 {488, 526}
3190 {472}
3191 {506}
3198 {540, 544}
3199 {470, 496, 509, 516}
3201 {518}
3204 {495, 499}
3205 {500, 503}
3206 {496, 502, 508}
3208 {489}
3209 {517, 524}
3210 {508, 516}
3216 {510, 518, 541}
3217 {477, 489, 499, 504, 510, 525, 528, 540, 544}
3221 {479, 481, 492, 522}
3222 {522}
3223 {522}
3224 {494, 506, 509, 518, 538}
3226 {494}
3227 {494, 538}
3230 {477, 484, 522}
3232 {531}
3233 {475}
3234 {531, 538}
3235 {538}
3238 {472}
3243 {508, 510}
3245 {538}
3246 {485, 486, 493, 497, 513}
3248 {486, 509}
3249 {486}
3251 {496}
3254 {474}
3258 {470, 479, 497, 522}
3260 {486, 509, 538}
3265 {509, 518, 524}
3266 {475, 546}
3268 {497, 540, 545}
3271 {494, 506, 518, 538}
3272 {486, 494, 506, 509, 518, 538}
3275 {474, 481, 501, 511, 520}
3277 {473, 493, 496, 522, 547}
3279 {506, 519, 528, 549}
3282 {477, 481, 514, 532, 535, 538}
3283 {488, 546}
3284 {493, 517, 526, 527}
3287 {543}
3288 {481}
3289 {494, 506, 509, 518, 526, 533, 548}
3293 {499, 516, 523}
3298 {477}
3299 {493, 517, 526}
3301 {497, 538, 540}
3302 {532}
3303 {493, 514, 532}
3304 {479}
3306 {482, 502, 509, 532, 548}
3308 {493, 499, 517}
3309 {481}
3310 {481, 523, 532}
3313 {481, 509}
3317 {491, 500}
3318 {481, 514, 532}
3320 {481}
3321 {536}
3322 {483, 513}
3327 {481, 514, 532, 535}
3328 {477, 481, 514, 532, 535}
3329 {496}
3330 {496, 545}
3331 {509, 514, 525}
3332 {506, 523, 525, 526}
3333 {471, 504, 533}
3334 {532}
3336 {471, 513, 532, 534}
3337 {539}
3343 {479, 490, 492, 498, 501, 504, 520, 541}
3344 {482}
3346 {505, 535, 541}
3350 {481}
3351 {481}
3353 {481, 535}
3358 {532}
3363 {514}
3365 {481}
3366 {481}
3367 {490}
3369 {481}
3373 {482}
3375 {481, 498}
3377 {481}
3378 {515}
3380 {470, 491, 495, 527}
3381 {498, 534}
3382 {501, 520, 536, 540}
3388 {482}
3391 {495}
3395 {515}
3405 {501, 520, 540}
3407 {486}
3408 {490}
3411 {524, 526, 527}
3416 {475}
3425 {529}
3428 {523}
3438 {504, 506, 508}
3440 {515}
3442 {527}
3443 {489}
3444 {484, 485, 499, 508, 517}
3445 {491, 497, 501, 513, 520, 545}
3470 {507}
3489 {509, 515, 516}
3491 {495}
3492 {489, 510, 534}
3494 {485, 487, 508, 516, 541}
3495 {516}
3496 {484, 521}
3497 {536}
3501 {475, 483}
3503 {472, 508, 516, 522, 541}
3504 {484, 509, 513}
3512 {507}
3513 {474}
3515 {472}
3517 {472, 541, 543}
3518 {472, 541}
3520 {495, 541}
3523 {511}
3525 {539}
3526 {516}
3527 {516}
3528 {490, 516}
3531 {480, 487, 516}
3532 {479, 485, 516}
3533 {495, 510, 537}
3535 {475, 487, 488, 540}
3536 {477, 482, 488, 514, 526, 540}
3537 {499, 525}
3538 {514, 533, 548}
3539 {510, 546}
3540 {474, 476, 477, 489, 501, 510, 520, 528, 536, 548}
3546 {471, 491, 502, 532, 542}
3547 {538}
3548 {470, 495, 497, 510, 514, 526, 529, 531, 542, 545}
3549 {481, 482, 491}
3550 {544}
3551 {473}
3554 {510}
3556 {487, 510}
3557 {510}
3558 {476, 489, 510, 528}
3559 {484, 542}
3562 {474, 476, 489, 501, 510, 520, 524, 528, 536, 547}
3564 {495, 514, 526, 535}
3566 {474}
3569 {482, 531, 536, 538}
3570 {497, 549}
3571 {481, 499, 506}
3573 {477, 497}
3574 {496, 497}
3578 {525, 526}
3580 {473}
3581 {501, 510, 520}
3582 {476, 536}
3584 {497, 536}
3585 {473, 529, 542}
3586 {495, 503}
3587 {474}
3591 {519}
3593 {526}
3595 {518}
3599 {480, 529, 545, 546}
3600 {509}
3601 {476, 489, 510}
3602 {507, 527}
3604 {476}
3605 {507, 524, 532}
3606 {476}
3607 {496}
3608 {525}
3612 {486}
3613 {537}
3614 {537}
3616 {537}
3617 {526, 537}
3618 {516, 517}
3619 {537}
3621 {471, 481, 491, 498, 501, 502, 545, 548}
3622 {487}
3623 {501, 510, 548}
3625 {537}
3626 {500, 501, 520}
3627 {493, 501, 520}
3628 {494}
3630 {487}
3631 {479, 498, 504, 509, 537}
3634 {483, 490, 537}
3635 {514}
3636 {537}
3637 {496}
3638 {494, 524}
3639 {494, 509}
3643 {496, 537}
3645 {526}
3646 {495, 496, 505, 513, 523, 528}
3648 {516}
3649 {487, 503, 538, 543}
3651 {537}
3655 {484, 501, 510, 520, 532}
3657 {488, 546}
3658 {484}
3662 {542}
3665 {526}
3668 {513, 519}
3672 {534}
3679 {490}
3682 {527, 549}
3685 {473}
3688 {494, 509, 515, 540, 542}
3690 {484, 508}
3692 {505}
3693 {541}
3694 {532}
3697 {523}
3698 {485, 495}
3700 {490}
3701 {530}
3704 {486, 500, 503}
3713 {513}
3717 {480, 519}
3720 {534}
3724 {504, 510}
3728 {490}
3736 {513, 527, 543}
3737 {481}
3740 {479}
3743 {507, 541}
3744 {501, 520, 528}
3745 {496}
3751 {542}
3754 {535}
3759 {545}
3761 {524}
3762 {489, 513, 543}
3763 {471, 489, 494, 518}
3765 {491, 492, 495, 534}
3766 {532, 534}
3769 {534}
3771 {531, 541, 546}
3773 {480}
3774 {492}
3775 {498, 512, 514}
3779 {480}
3782 {483}
3785 {530}
3787 {473, 477, 491, 514}
3790 {545}
3792 {499}
3795 {529}
3796 {503, 504, 519}
3799 {474, 477, 504, 510, 524, 527, 539, 544, 547}
3800 {504, 525, 539}
3802 {494, 509}
3804 {480, 494}
3805 {492}
3808 {504, 527, 542}
3809 {493}
3810 {500}
3812 {476, 515}
3813 {482}
3814 {517}
3815 {476, 548}
3816 {527}
3820 {475, 499, 501, 520}
3821 {475, 477, 483, 514}
3823 {491, 510, 520, 524}
3825 {522}
3826 {483}
3828 {491}
3831 {491, 496, 510, 522, 540}
3833 {477, 503, 543}
3834 {542}
3839 {507, 508, 547, 549}
3843 {524, 539}
3844 {470, 484, 493}
3845 {531}
3846 {535}
3853 {484, 525}
3857 {523}
3861 {526, 546}
3862 {471}
3863 {471, 546}
3864 {498, 514, 539}
3866 {480, 519}
3867 {489}
3868 {474, 482, 534, 545}
3869 {532}
3870 {539}
3872 {518}
3873 {499, 517, 545}
3878 {471, 510, 524, 525}
3881 {487}
3883 {500, 503}
3884 {479, 486, 509, 525, 548}
3885 {546}
3886 {496}
3887 {491}
3889 {545}
3891 {534}
3901 {516, 548}
3902 {535}
3906 {497}
3907 {492, 517, 528}
3908 {475, 483}
3912 {482}
3915 {481, 528}
3918 {477, 534}
3920 {519}
3925 {471, 487, 500, 509, 523, 531, 549}
3926 {511}
3930 {489}
3931 {477, 491, 524}
3932 {491}
3934 {489, 516, 524, 534}
3935 {543}
3936 {489, 525, 534, 539}
3939 {482, 529}
3940 {510}
3941 {501, 510, 520, 536}
3942 {470, 480, 486, 531}
3944 {471, 502, 508, 531, 540}
3947 {536}
3952 {501, 520}
3953 {501, 520}
3954 {548}
3955 {525, 548}
3956 {531}
3961 {547}
3963 {499, 501, 520, 525}
3964 {517, 527}
3967 {482}
3968 {517, 540}
3971 {475, 492, 494, 495}
3978 {481}
3983 {495, 526}
3985 {542}
3987 {497}
3988 {523}
3989 {490}
3990 {523}
3991 {523, 529}
3992 {523}
3993 {523}
3994 {470, 523}
3997 {523}
3999 {523}
4000 {507, 523}
4001 {488, 494}
4002 {514}
4003 {523}
4004 {523}
4005 {523}
4006 {523}
4007 {523}
4008 {479, 523}
4009 {523}
4013 {504}
4014 {477, 487, 541}
4016 {523}
4017 {499, 523}
4019 {542}
4020 {534}
4021 {499, 529, 541}
4022 {523, 529}
4027 {481, 523, 533, 549}
4030 {523}
4031 {535, 540}
4032 {535}
4033 {472, 500, 503}
4034 {500, 503}
4035 {500, 503}
4036 {494, 500, 503}
4037 {500, 503}
4038 {482, 491, 492, 500, 503, 540}
4039 {500, 503}
4040 {500, 503}
4043 {500, 503}
4045 {500, 503}
4047 {508}
4048 {500, 503, 523}
4049 {500, 503}
4050 {490, 503, 513}
4051 {500, 503, 546}
4052 {500, 503, 546}
4053 {472, 503, 546}
4054 {476, 500, 503}
4055 {485, 499, 500, 503}
4056 {472, 546}
4057 {477, 490, 520, 524}
4058 {503}
4059 {503}
4060 {472}
4062 {535}
4063 {487, 489, 513, 519}
4064 {526}
4065 {489, 524}
4068 {509}
4069 {489}
4070 {477}
4071 {476, 500, 503}
4072 {500, 503}
4073 {500, 503}
4074 {500, 503}
4075 {503, 549}
4076 {503}
4077 {503, 540}
4078 {503}
4084 {480, 529, 549}
4085 {504}
4086 {476}
4088 {472, 544}
4098 {486}
4105 {517, 519}
4108 {488}
4115 {509}
4118 {485}
4121 {498}
4122 {484}
4124 {501, 520, 522}
4132 {474, 475, 480, 545}
4133 {472}
4134 {474, 480, 515, 531}
4136 {541}
4140 {487, 509, 548}
4142 {526, 531}
4145 {472, 477, 495, 538}
4146 {521}
4147 {499}
4148 {543}
4149 {517}
4156 {501, 520}
4162 {489}
4165 {541, 543}
4167 {547}
4168 {470, 519}
4169 {490, 499, 517}
4173 {516, 539}
4178 {486}
4181 {499}
4182 {541}
4190 {495, 548}
4191 {479}
4194 {485, 489, 505, 506, 507, 508, 509, 518, 533}
4195 {490, 500, 510, 519}
4196 {484}
4199 {516}
4205 {508, 526}
4208 {488}
4210 {480, 516, 526, 538}
4213 {487}
4214 {541}
4215 {487}
4219 {473, 541}
4220 {541}
4221 {482}
4222 {543}
4223 {482, 494, 543}
4229 {477, 524}
4235 {543}
4239 {472, 487, 500, 503}
4241 {478, 486, 494}
4242 {486, 494, 506, 509, 518}
4244 {494, 506, 509, 518}
4246 {506, 509}
4250 {486, 509, 516}
4251 {519}
4254 {486}
4259 {486, 494, 502, 509}
4263 {486, 494, 506, 509, 518}
4264 {489}
4267 {494, 509, 518}
4268 {477, 529, 543}
4270 {509, 518}
4271 {479, 494, 509}
4272 {496}
4275 {509}
4277 {514}
4282 {506}
4283 {470}
4285 {470, 497}
4286 {509, 547}
4287 {529}
4288 {518}
4289 {489, 494, 516, 535}
4290 {494, 509}
4291 {509}
4292 {506}
4293 {506}
4294 {491, 504, 514, 526, 544}
4296 {510, 520}
4297 {486, 509}
4299 {548}
4300 {509}
4301 {494, 509, 518}
4303 {509, 513, 514, 520, 539}
4307 {488, 489}
4308 {522}
4310 {486, 506, 509}
4311 {494, 509}
4312 {494, 509, 518}
4313 {509}
4314 {509}
4315 {509}
4316 {509}
4317 {509}
4318 {509}
4319 {472, 481, 509}
4320 {509, 539, 542}
4321 {486, 509}
4322 {486, 509, 518}
4325 {479, 514}
4327 {546}
4330 {532}
4344 {534}
4345 {517, 542}
4349 {506}
4351 {536}
4353 {477}
4355 {520}
4362 {484}
4367 {475, 487, 490}
4368 {524}
4370 {494, 523}
4372 {501, 520}
4373 {474, 488, 523}
4378 {517, 526}
4379 {480}
4381 {472, 485, 503}
4386 {477, 515, 517}
4388 {476, 510, 527}
4394 {470}
4398 {529}
4402 {495, 504, 524, 539, 547}
4403 {527}
4404 {496}
4408 {537, 542}
4412 {476}
4413 {476}
4418 {479}
4421 {519}
4422 {474}
4425 {510}
4431 {483, 490}
4440 {538}
4448 {496, 501, 519, 520, 540}
4450 {529, 549}
4452 {477, 506, 516, 539, 542}
4453 {510}
4457 {492, 522}
4458 {522}
4462 {490}
4464 {529, 531, 540}
4466 {492, 515}
4467 {498}
4468 {475, 477, 498, 518}
4470 {494}
4479 {477}
4482 {490}
4484 {479, 481, 491, 498, 513, 518, 521, 543, 547}
4485 {504}
4486 {517}
4494 {477, 507, 543}
4495 {484, 498, 509}
4508 {484, 517, 526}
4517 {508}
4519 {470, 495, 512, 531}
4523 {519, 527}
4525 {475, 493}
4526 {534}
4528 {473}
4529 {513}
4536 {479, 487, 490}
4537 {524}
4541 {487, 504}
4545 {518}
4546 {524}
4549 {475, 496}
4550 {487}
4553 {473}
4555 {498, 512}
4556 {546}
4567 {489, 525}
4568 {479}
4570 {516}
4575 {481}
4576 {488}
4577 {546}
4579 {485}
4585 {473, 510}
4586 {494}
4589 {497}
4595 {482, 519, 532}
4598 {513, 515, 530, 547}
4599 {504}
4601 {501, 520}
4602 {546}
4605 {476, 508}
4606 {472}
4612 {488}
4619 {475, 498}
4621 {481}
4622 {484, 542}
4625 {533}
4627 {522, 535}
4631 {495}
4635 {519}
4636 {519}
4637 {489}
4642 {507}
4643 {513}
4645 {530}
4646 {477, 480, 489, 531}
4648 {476}
4649 {528}
4654 {473, 489}
4655 {547}
4656 {533}
4660 {525}
4661 {502}
4662 {493, 528}
4663 {486, 506, 509, 518}
4664 {496, 538}
4665 {470, 542}
4668 {501, 520}
4671 {510}
4672 {510}
4676 {510}
4677 {510, 542}
4678 {542}
4679 {489}
4680 {476, 510, 520}
4681 {536}
4682 {492, 540}
4688 {482, 490, 501, 520, 548}
4689 {480, 507, 536}
4695 {506, 533}
4698 {492}
4702 {495}
4705 {523, 528, 539}
4709 {471}
4712 {476}
4717 {479, 531, 545}
4718 {479, 483, 516}
4721 {488}
4724 {470}
4725 {482, 487, 502, 510, 517, 539}
4726 {543}
4727 {471, 548}
4728 {487}
4729 {524}
4731 {548}
4736 {492}
4737 {479, 539}
4748 {537}
4750 {496}
4751 {507}
4752 {499}
4753 {504}
4756 {489, 498, 523}
4761 {482, 495, 532}
4762 {492}
4766 {530}
4769 {475}
4770 {479}
4772 {523}
4774 {487, 493}
4776 {481, 504, 547}
4778 {491, 518}
4779 {509}
4782 {480, 485}
4783 {517}
4784 {544}
4788 {510, 543}
4789 {488}
4790 {477}
4792 {526}
4795 {537, 542}
4797 {500}
4801 {508, 532}
4803 {475}
4806 {491}
4807 {502, 519}
4808 {526}
4809 {476, 510, 536}
4813 {504, 508}
4817 {547}
4818 {511, 549}
4819 {507}
4824 {501, 520, 542}
4826 {515}
4830 {482}
4831 {482}
4834 {470}
4838 {470}
4840 {519, 533, 536, 545}
4842 {497}
4847 {535}
4850 {470, 484}
4860 {470}
4861 {486, 526, 538}
4863 {529, 546}
4864 {471}
4867 {528}
4870 {507}
4878 {472}
4881 {519}
4882 {475, 479, 481, 547}
4889 {521}
4894 {474}
4901 {507}
4902 {524}
4906 {503, 522, 535, 544}
4907 {473, 523}
4910 {519}
4913 {494, 496, 508, 523, 532}
4920 {507}
4925 {489}
4926 {514}
4927 {514}
4928 {515}
4935 {481}
4937 {541, 544}
4938 {477, 517}
4947 {540}
4948 {540}
4953 {515}
4959 {471}
4960 {532}
4964 {497}
4966 {543}
4967 {507}
4971 {509}
4976 {547}
4978 {479}
4992 {546}
5005 {542}
5008 {494}
5019 {487}
5020 {525}
5026 {477, 488}
5038 {547}
5039 {514}
5040 {526}
5058 {495, 504, 524, 527}
5065 {474, 483, 511}
5067 {470, 481, 483}
5069 {500}
5073 {482, 521}
5075 {534}
5076 {500}
5080 {507}
5081 {483, 532}
5083 {477, 479}
5093 {508}
5095 {489}
5096 {499, 516}
5097 {537}
5098 {534}
5099 {529}
5103 {475}
5104 {505}
5106 {515}
5110 {526}
5111 {472, 508, 516, 526, 541, 543}
5116 {516}
5143 {492, 515, 546}
5155 {492}
5159 {541}
5162 {492, 534}
5169 {472, 491, 494}
5171 {495, 533}
5172 {496}
5173 {521}
5174 {521}
5175 {487, 510}
5178 {521}
5179 {500, 505, 508, 516, 524, 543}
5183 {540}
5184 {500, 532}
5187 {505}
5190 {514, 539}
5191 {537}
5196 {532}
5197 {547}
5202 {479}
5205 {471, 479, 484, 515, 525, 548}
5207 {541}
5208 {537}
5209 {523, 549}
5214 {487, 507}
5218 {488, 521}
5220 {516}
5222 {491}
5225 {513, 547}
5235 {516, 541}
5236 {479, 498, 544}
5237 {541}
5240 {482}
5241 {487, 489, 516, 541}
5243 {484, 525}
5245 {516}
5248 {516, 541}
5250 {470, 488, 508, 513}
5252 {546}
5253 {530}
5256 {523}
5257 {479}
5259 {516}
5266 {507}
5270 {493, 514, 517}
5271 {512}
5290 {494}
5291 {540}
5292 {488}
5303 {513, 519}
5306 {532}
5307 {519}
5308 {529}
5309 {540}
5310 {537}
5312 {499, 502, 530}
5314 {481, 519, 532}
5316 {530}
5318 {533}
5319 {549}
5320 {488}
5321 {517}
5323 {523}
5325 {548}
5326 {470}
5330 {492, 493, 513}
5335 {500}
5337 {519}
5342 {511}
5347 {543}
5349 {489}
5352 {470, 482}
5355 {501, 520}
5356 {494}
5358 {500, 547}
5361 {473, 496, 501, 520, 524, 525, 529, 530, 534, 540}
5364 {526, 547}
5365 {498}
5366 {510, 536}
5370 {501, 520, 524, 540, 548}
5374 {498, 507, 512}
5378 {498, 507}
5387 {546}
5391 {483}
5396 {476, 501, 520, 530}
5399 {498}
5400 {486, 504}
5403 {504, 515, 526, 536}
5404 {488}
5411 {484}
5412 {543}
5413 {489, 500, 510, 525, 529, 537}
5423 {474, 482}
5424 {470}
5427 {472}
5429 {547, 548}
5430 {528, 539}
5434 {547}
5437 {485, 510, 542}
5444 {488, 489, 514, 546}
5448 {494, 501, 520, 532, 546}
5453 {515}
5456 {473, 482}
5457 {491, 499, 505, 516}
5458 {495}
5459 {546}
5469 {472}
5470 {543, 544}
5478 {501, 520}
5479 {520}
5486 {487, 535}
5487 {532}
5490 {497}
5493 {501, 520}
5494 {501, 520}
5498 {520}
5505 {483, 509, 525}
5514 {501, 520}
5515 {540}
5516 {501}
5518 {474, 475, 506, 523, 539}
5519 {496}
5520 {501, 520}
5521 {540}
5522 {488, 546}
5530 {501, 520}
5532 {525}
5534 {506}
5537 {526}
5539 {522}
5541 {470, 519, 523}
5548 {484, 486, 528}
5549 {501, 520, 544}
5552 {497, 532}
5560 {536}
5567 {543}
5568 {473, 497}
5573 {475}
5574 {488, 534}
5578 {470}
5580 {485}
5582 {533}
5584 {542}
5586 {515}
5590 {497, 529, 542}
5593 {499}
5599 {486, 519}
5607 {529}
5612 {545}
5613 {542}
5616 {487}
5617 {481, 537, 538}
5629 {529}
5631 {542}
5643 {480, 497}
5649 {539}
5650 {531}
5652 {476, 543}
5653 {484}
5660 {546}
5663 {494}
5667 {479}
5672 {501, 520, 531}
5673 {515}
5676 {471}
5678 {499, 530}
5681 {541}
5683 {472, 503}
5693 {495}
5697 {503}
5700 {540}
5701 {523}
5702 {501}
5704 {538, 549}
5705 {524}
5714 {474}
5716 {507, 523}
5723 {487}
5725 {524, 535}
5730 {529}
5731 {481, 495, 534}
5736 {497, 519, 529}
5742 {477}
5743 {498, 526}
5745 {484, 534}
5750 {495}
5753 {479}
5756 {504, 524}
5757 {475}
5759 {525}
5763 {470}
5764 {526, 547}
5766 {482, 493, 542, 543}
5768 {492}
5770 {513}
5771 {517}
5775 {482, 495}
5776 {488, 542}
5777 {484}
5780 {534}
5784 {518, 529}
5786 {530}
5787 {497, 517, 533, 538}
5788 {525}
5791 {492, 496}
5796 {542}
5800 {481}
5801 {485, 507}
5809 {507}
5810 {530}
5812 {519}
5816 {479}
5821 {505, 530}
5823 {505}
5830 {507}
5840 {504}
5845 {524}
5850 {480}
5851 {513}
5862 {475, 483, 492, 520}
5864 {475}
5865 {477}
5867 {475}
5868 {475}
5869 {475, 482}
5870 {475}
5871 {475, 479}
5872 {534}
5875 {495, 549}
5893 {498}
5900 {545}
5901 {480, 515}
5906 {517}
5909 {479}
5913 {491}
5920 {474, 475}
5923 {475, 483}
5926 {486, 537}
5931 {532}
5932 {479}
5936 {481, 490}
5937 {477, 496}
5943 {525}
5947 {491, 546}
5949 {482}
5953 {479}
5957 {479, 522}
5958 {479}
5959 {479}
5961 {479}
5967 {515}
5968 {515}
5970 {517}
5975 {517}
5978 {510, 536}
5980 {524, 547}
5983 {548}
5984 {496, 513}
5985 {489, 490, 502}
5990 {499}
5991 {501}
5992 {501}
5993 {511, 543}
5995 {476}
5996 {524}
6001 {490}
6002 {488}
6013 {510}
6020 {510, 536}
6023 {510, 536}
6024 {510}
6026 {489, 547}
6027 {502, 523}
6042 {487}
6043 {477}
6048 {487, 503, 504, 530, 541}
6056 {481, 546}
6063 {470, 509}
6065 {499, 508}
6067 {532}
6076 {507}
6077 {500, 515}
6078 {486, 523, 531, 538}
6081 {500, 503, 516}
6086 {507}
6088 {481}
6093 {470}
6094 {477, 504}
6095 {504}
6097 {470}
6100 {470}
6102 {470}
6103 {470}
6104 {544}
6107 {470}
6108 {480}
6112 {518}
6113 {506, 509, 528, 540, 543}
6115 {502, 516}
6116 {496}
6117 {470}
6118 {519}
6120 {470}
6125 {470, 538}
6126 {470}
6132 {477}
6137 {547}
6141 {486}
6155 {481, 526}
6157 {474, 481, 487}
6164 {483}
6166 {482}
6169 {532}
6172 {496, 546}
6179 {542}
6180 {482, 529, 538}
6181 {534}
6183 {498}
6185 {513}
6187 {489}
6188 {499, 534}
6191 {487}
6192 {548}
6193 {503}
6194 {548}
6197 {495}
6198 {471, 506}
6199 {482}
6200 {482}
6201 {482, 545}
6202 {494}
6204 {482}
6206 {485, 487}
6207 {487}
6210 {525, 530}
6212 {487}
6217 {487}
6218 {487}
6219 {485, 487}
6220 {487}
6221 {487, 543, 549}
6222 {485, 487}
6223 {485, 487}
6224 {487}
6225 {487}
6226 {487}
6227 {487}
6228 {487}
6229 {473, 487, 541}
6230 {487}
6231 {487}
6232 {487}
6233 {543}
6235 {485, 487}
6236 {487}
6237 {487}
6240 {487}
6241 {477, 487, 526}
6242 {487}
6243 {487}
6244 {487}
6246 {485, 487}
6247 {472}
6250 {488, 521}
6251 {541}
6252 {546}
6258 {480, 482}
6265 {505}
6268 {543}
6270 {530}
6276 {477, 516, 538}
6283 {521, 534}
6284 {546}
6290 {487}
6292 {495}
6296 {487}
6297 {487}
6298 {487}
6299 {487, 541}
6300 {487}
6306 {529}
6309 {502, 547}
6311 {484}
6314 {532}
6316 {504, 531}
6321 {484, 497}
6322 {484, 497, 526}
6323 {501, 520, 531}
6326 {529}
6327 {548}
6338 {529}
6344 {476, 504, 510, 536, 547}
6345 {504, 527}
6346 {526}
6353 {492}
6357 {493}
6359 {477}
6361 {510, 548}
6362 {484, 525}
6363 {499, 503}
6365 {484, 496}
6368 {498, 512}
6372 {499, 501, 539}
6373 {547}
6376 {477, 497}
6377 {499}
6380 {491}
6381 {542}
6384 {507, 516}
6391 {484}
6396 {480, 492, 531}
6397 {492}
6401 {495}
6417 {481, 489, 514}
6418 {488, 501, 520}
6419 {481}
6425 {488}
6426 {495}
6433 {513, 516}
6434 {486, 498}
6435 {513, 543}
6438 {513}
6439 {481}
6441 {503, 534}
6445 {480, 489, 540}
6448 {508}
6452 {496, 499, 546}
6453 {540}
6454 {482, 538, 545}
6459 {513}
6460 {513}
6463 {513}
6471 {513}
6484 {537}
6486 {508}
6487 {537}
6491 {518}
6494 {523, 526}
6495 {488}
6496 {513, 539}
6500 {481, 494}
6502 {496}
6503 {534}
6506 {508, 512}
6508 {471}
6511 {481}
6512 {481, 488}
6522 {491, 533}
6525 {479, 499, 514}
6530 {535}
6533 {477, 517, 545}
6535 {481}
6537 {473, 479}
6544 {514}
6551 {472}
6560 {504, 527}
6567 {507}
6568 {527}
6573 {492}
6577 {492, 526}
6578 {508}
6581 {481, 524, 540}
6588 {515, 533}
6595 {528, 534, 537}
6598 {490}
6599 {483}
6601 {538}
6612 {530}
6615 {519}
6616 {491, 527, 540, 545}
6619 {517}
6620 {472, 507, 541}
6625 {507}
6628 {540}
6629 {492}
6630 {498}
6632 {540}
6634 {515}
6637 {500, 503, 524, 541}
6644 {471}
6645 {479}
6651 {476}
6652 {493}
6655 {532}
6659 {492}
6660 {473}
6664 {492}
6672 {544}
6673 {530}
6703 {510, 515}
6706 {510}
6711 {477, 486, 494, 509}
6713 {473, 509}
6714 {506, 509, 514, 518, 526}
6717 {494}
6718 {494}
6723 {486, 494}
6725 {499, 504}
6730 {481, 486, 509}
6733 {504, 539}
6734 {497}
6741 {534, 538}
6747 {502}
6759 {504, 518, 549}
6760 {488}
6764 {477, 488}
6768 {506, 536}
6772 {511, 536}
6775 {502}
6778 {495}
6779 {524}
6780 {515}
6786 {471, 515}
6787 {546}
6791 {499}
6795 {483, 517}
6797 {484, 496}
6806 {489, 505, 537, 544}
6807 {514}
6813 {489, 513, 529}
6815 {473, 540}
6823 {497}
6829 {522}
6832 {518}
6834 {514}
6840 {510, 516}
6842 {483, 499, 517}
6849 {495, 538}
6850 {480}
6856 {486, 499, 510, 548}
6872 {490}
6873 {477}
6883 {505}
6887 {502}
6891 {515}
6904 {476, 534}
6908 {526}
6915 {471}
6918 {493}
6920 {538}
6934 {509, 526}
6935 {484, 515, 522}
6937 {517}
6950 {477, 484}
6951 {532}
6952 {472}
6955 {543}
6959 {473}
6962 {479, 527}
6975 {495, 530}
6993 {540}
7002 {489}
7010 {533}
7012 {472, 508, 516, 541}
7014 {529}
7027 {512}
7030 {510}
7035 {510, 535}
7050 {530, 540}
7052 {532}
7057 {516}
7064 {485, 534}
7065 {490}
7084 {540}
7089 {476}
7090 {519}
7103 {498, 512}
7104 {512}
7105 {498, 512}
7106 {498, 512}
7109 {498}
7110 {498}
7111 {498}
7112 {498}
7113 {498, 525}
7114 {498}
7115 {498}
7116 {498}
7117 {498}
7122 {498}
7124 {498, 512, 525}
7125 {498, 545}
7126 {498}
7127 {498}
7132 {498, 515}
7133 {498}
7135 {498}
7136 {497}
7138 {498}
7142 {479, 547}
7143 {498, 512}
7146 {529}
7148 {490, 491, 547}
7157 {490}
7158 {544}
7160 {527}
7162 {479, 483, 484, 491, 541}
7171 {524}
7178 {501, 520}
7184 {476}
7186 {487}
7187 {514, 523}
7190 {505}
7194 {485}
7195 {474}
7196 {474, 480, 493, 517}
7197 {474}
7198 {531}
7200 {490, 492, 519, 520}
7201 {474}
7202 {474}
7203 {480}
7204 {474, 541}
7208 {479}
7209 {474}
7210 {527, 542, 547}
7217 {479, 501, 520, 530}
7225 {548}
7226 {491}
7228 {534, 539}
7229 {472, 489, 530}
7233 {532, 545}
7239 {492}
7249 {479}
7251 {539}
7254 {471, 487, 525, 543}
7262 {481, 511}
7266 {531}
7269 {536}
7275 {525}
7280 {477}
7284 {471}
7291 {493}
7304 {481}
7306 {524}
7310 {507}
7311 {507}
7313 {489}
7333 {507}
7355 {491}
7360 {548}
7365 {488, 546}
7370 {489, 492, 515}
7387 {470}
7389 {513}
7392 {470}
7402 {513, 533}
7410 {510}
7414 {476, 489}
7422 {525, 548}
7425 {534}
7427 {472, 488, 524}
7436 {498}
7445 {515}
7446 {525, 547}
7448 {477, 514}
7449 {524, 539}
7450 {524, 527, 539, 547}
7456 {493}
7458 {542}
7463 {524, 539, 547}
7464 {504}
7467 {480, 535}
7468 {494}
7480 {487, 532, 540}
7517 {488}
7518 {495, 507}
7523 {488}
7525 {471}
7534 {473}
7540 {529, 549}
7551 {495, 496, 530}
7553 {522}
7555 {493, 517}
7569 {491, 525}
7575 {475}
7576 {475, 480}
7589 {517}
7590 {517}
7591 {501, 520}
7592 {506}
7597 {514}
7605 {501, 520}
7608 {527}
7609 {486, 492, 493}
7612 {505}
7613 {507, 514, 535}
7617 {501}
7619 {543}
7624 {518}
7633 {513, 527, 547}
7634 {493}
7637 {524, 539}
7642 {476}
7645 {473}
7649 {515}
7657 {549}
7663 {481}
7664 {476}
7684 {510}
7686 {474}
7699 {524}
7712 {526}
7719 {481}
7723 {482, 544}
7727 {490, 510, 524}
7740 {504}
7747 {524, 529}
7749 {528}
7752 {519}
7753 {520, 536}
7757 {504}
7762 {487, 525}
7769 {509}
7775 {470, 488}
7777 {516}
7779 {519}
7780 {475}
7781 {477}
7801 {483}
7804 {530}
7815 {527}
7816 {527}
7817 {527}
7818 {480}
7824 {481}
7830 {471}
7838 {480}
7841 {548}
7843 {509, 518, 527, 532}
7844 {471, 525, 536}
7845 {484}
7846 {484, 530}
7848 {481, 483}
7849 {492, 501, 520}
7850 {477}
7852 {481}
7854 {485}
7856 {486, 509}
7857 {486}
7859 {486}
7861 {486}
7862 {486}
7866 {489}
7868 {479, 483}
7876 {484, 525}
7878 {480}
7881 {519}
7884 {475}
7885 {473, 505, 524}
7891 {534}
7910 {517}
7911 {517}
7914 {542}
7916 {510, 546}
7920 {493, 517}
7921 {477, 546}
7922 {517}
7952 {487}
7954 {470}
7956 {542}
7976 {497}
7985 {543}
7986 {502, 506}
7992 {549}
7995 {539}
8002 {488, 546}
8006 {518, 534}
8009 {525}
8015 {488}
8018 {516}
8022 {541}
8023 {516, 537, 547}
8045 {480, 488}
8049 {516}
8054 {495}
8056 {542}
8057 {549}
8065 {480}
8082 {484}
8093 {507}
8094 {497, 517}
8100 {524}
8104 {505}
8105 {505}
8109 {485}
8114 {526}
8129 {472}
8130 {546}
8137 {530, 535}
8145 {476, 515}
8146 {510}
8148 {489, 534}
8152 {473, 490, 547}
8159 {499}
8179 {471}
8180 {537}
8196 {514, 527}
8202 {476, 477}
8211 {520}
8215 {481}
8220 {520}
8226 {501, 520}
8234 {488, 513}
8244 {473}
8253 {534}
8255 {534}
8259 {489}
8263 {524}
8266 {534}
8274 {505}
8275 {490, 526}
8278 {549}
8284 {477}
8290 {526}
8296 {530, 549}
8309 {531}
8312 {512}
8316 {490}
8318 {543}
8319 {482, 493}
8321 {544}
8327 {547}
8335 {497, 518, 528}
8338 {482}
8343 {537}
8346 {518}
8347 {508}
8361 {524}
8364 {510}
8368 {471, 546}
8373 {491, 501, 510, 520, 548}
8379 {496, 518, 528}
8381 {501, 520}
8384 {495}
8389 {523}
8397 {479}
8401 {476, 536}
8402 {472}
8403 {535}
8406 {473, 506}
8414 {501, 520}
8417 {502}
8418 {493}
8422 {489}
8425 {495}
8427 {528}
8428 {491}
8433 {507}
8450 {547}
8454 {495}
8455 {507}
8462 {502, 507}
8473 {489}
8484 {517, 541}
8487 {482}
8498 {477, 488}
8499 {488}
8500 {526}
8501 {533}
8502 {530}
8507 {527}
8510 {484}
8512 {523}
8524 {544}
8535 {507}
8544 {470}
8546 {500}
8547 {515}
8548 {484, 521}
8549 {515}
8556 {510}
8565 {515, 518}
8574 {496}
8576 {506}
8577 {501, 520}
8579 {524, 526}
8584 {473}
8586 {531}
8587 {531}
8588 {531}
8594 {539}
8597 {507}
8612 {479}
8617 {540}
8618 {529}
8625 {531}
8629 {535}
8633 {499}
8635 {547}
8646 {482}
8653 {535}
8662 {470}
8663 {492, 527}
8678 {507}
8687 {479}
8697 {539}
8699 {472}
8706 {516}
8712 {475}
8714 {488, 547}
8715 {538}
8717 {546}
8719 {483}
8720 {523}
8726 {489}
8729 {523}
8732 {523}
8738 {484, 518, 529}
8755 {544}
8756 {510, 518}
8767 {492}
8783 {501, 520, 535}
8787 {471}
8793 {486}
8800 {499, 516}
8801 {529}
8802 {474}
8804 {511}
8812 {503}
8837 {475}
8838 {475}
8839 {475}
8843 {475}
8844 {542}
8848 {483}
8851 {548}
8854 {494}
8857 {473}
8860 {515}
8864 {499}
8869 {543}
8871 {536}
8877 {540, 549}
8879 {528}
8889 {517}
8895 {506}
8896 {480}
8923 {499}
8926 {499, 525}
8930 {499}
8932 {499}
8934 {499}
8942 {499}
8943 {499}
8957 {489}
8964 {482}
8973 {549}
8978 {507}
8979 {507}
8988 {518}
8989 {475}
8993 {475, 477, 483, 485, 490}
8994 {481}
8996 {475}
9003 {485}
9007 {540}
9012 {546}
9016 {507}
9035 {525}
9051 {484}
9054 {525}
9062 {504}
9063 {524}
9066 {524}
9078 {501}
9082 {514}
9084 {504}
9090 {484}
9092 {514}
9093 {548}
9094 {476}
9099 {524}
9103 {507}
9117 {543}
9122 {514}
9125 {517}
9128 {542}
9130 {539}
9134 {494}
9142 {537}
9146 {492}
9152 {530}
9168 {542}
9178 {489, 543}
9182 {501, 520}
9200 {477}
9207 {492}
9221 {544}
9227 {501, 520}
9230 {528}
9237 {508}
9239 {514}
9243 {507}
9244 {526}
9256 {517, 529}
9257 {496}
9258 {493, 517}
9263 {517}
9265 {517, 535}
9273 {518}
9276 {497, 547}
9277 {514}
9279 {514}
9283 {533}
9288 {540}
9292 {502}
9309 {525}
9313 {497}
9322 {491}
9325 {487, 529}
9339 {531}
9341 {548}
9349 {485}
9352 {543}
9353 {543}
9366 {518}
9367 {487}
9375 {543}
9378 {516}
9389 {485}
9390 {477}
9397 {485}
9405 {517}
9406 {517}
9419 {531}
9421 {546}
9422 {546}
9423 {546}
9426 {546}
9429 {501, 520}
9445 {501, 520}
9446 {534}
9449 {479, 496}
9450 {479, 513}
9451 {479}
9455 {479}
9459 {489, 496, 516}
9465 {476}
9471 {497}
9476 {474}
9486 {477}
9494 {546}
9512 {517}
9513 {497}
9514 {497}
9517 {497}
9518 {497}
9519 {473}
9527 {497, 529}
9538 {490}
9545 {504}
9550 {476, 519, 528, 548}
9559 {504}
9565 {537}
9571 {546}
9573 {475}
9576 {514}
9577 {485}
9578 {532}
9584 {482, 485}
9585 {488}
9586 {489}
9590 {485}
9591 {485}
9595 {514}
9614 {479, 515}
9648 {490, 532}
9670 {481}
9691 {540}
9692 {508}
9694 {482, 493, 497, 501, 520, 529, 549}
9707 {542}
9721 {546}
9727 {479, 481}
9738 {540}
9750 {529}
9752 {529, 540}
9755 {528}
9756 {528}
9757 {528}
9758 {528}
9759 {528}
9760 {528}
9761 {528}
9762 {528}
9763 {502, 528}
9764 {528}
9765 {528}
9766 {528}
9767 {528}
9777 {494, 506}
9778 {494, 506}
9779 {492}
9780 {541}
9781 {506}
9788 {492, 496}
9789 {480}
9790 {480}
9792 {480}
9797 {495, 546}
9798 {482}
9800 {470}
9805 {541}
9806 {541}
9822 {541}
9828 {530}
9830 {547}
9831 {504, 547}
9833 {547}
9834 {547}
9836 {547}
9838 {547}
9842 {509}
9843 {547}
9846 {548}
9847 {547}
9849 {547}
9852 {476, 548}
9853 {476, 548}
9856 {513, 519}
9867 {501, 520}
9869 {476}
9871 {510}
9872 {515}
9874 {510, 514, 536}
9875 {510}
9882 {470}
9895 {525}
9896 {477}
9905 {492}
9908 {473, 501, 520}
9915 {510}
9917 {499, 537}
9927 {525}
9945 {539}
9949 {527}
9961 {487}
9964 {484}
9970 {516, 541}
9971 {472, 500, 503, 508}
9979 {510}
9980 {523}
9991 {472}
9999 {524}
10001 {472}
10004 {506}
10008 {497}
10011 {501, 515, 520}
10012 {477, 493}
10014 {526}
10017 {505, 543}
10020 {523}
10042 {504}
10046 {504}
10083 {493, 547}
10087 {478}
10114 {541}
10118 {523}
10120 {489, 504, 524}
10121 {543}
10122 {491, 500, 503, 546}
10128 {489}
10129 {505}
10131 {489, 524}
10136 {505, 541}
10137 {505}
10138 {489}
10141 {505}
10143 {472, 490, 516}
10152 {472}
10165 {530}
10177 {514}
10188 {498, 532}
10203 {524}
10205 {494}
10221 {531}
10228 {546}
10231 {482}
10232 {548}
10237 {474}
10238 {474}
10239 {474}
10240 {514}
10247 {496}
10248 {496}
10250 {529}
10260 {477}
10267 {481}
10268 {515}
10275 {493}
10288 {479}
10289 {541}
10290 {513}
10301 {513}
10307 {477}
10311 {471}
10323 {477, 485}
10324 {499}
10327 {522}
10331 {546}
10337 {499}
10341 {495}
10350 {524}
10366 {477, 502}
10368 {486, 535}
10370 {548}
10377 {487}
10385 {481}
10391 {507}
10395 {504}
10405 {498, 548}
10409 {470}
10423 {531}
10435 {520}
10444 {522}
10454 {535}
10477 {530}
10479 {504}
10498 {522}
10504 {490}
10505 {490}
10520 {472}
10526 {507}
10529 {515}
10530 {515}
10534 {515}
10535 {515}
10536 {515}
10537 {515}
10538 {515}
10539 {515}
10540 {515}
10541 {515}
10542 {515}
10543 {515}
10545 {515}
10548 {477, 515}
10552 {502}
10558 {515}
10561 {487}
10569 {487}
10575 {531}
10583 {546}
10586 {515}
10587 {515}
10588 {515}
10614 {545}
10615 {497}
10617 {499}
10619 {502}
10679 {488}
10681 {491}
10691 {510, 536}
10696 {538}
10699 {470, 529}
10709 {508, 547}
10727 {496, 502}
10730 {496}
10734 {540}
10738 {514}
10742 {501, 520}
10754 {496}
10755 {537}
10770 {474, 528}
10812 {507}
10833 {518, 548}
10882 {525}
10890 {471}
10895 {540}
10896 {521}
10908 {498}
10919 {537}
10929 {514}
10948 {496}
10950 {526}
10963 {497}
10968 {523}
10969 {498}
10974 {485}
10981 {496}
10997 {507}
11015 {514}
11025 {530}
11035 {530, 546}
11044 {481}
11053 {482}
11055 {521}
11066 {488, 538, 541}
11074 {494}
11082 {502}
11083 {502}
11088 {502}
11093 {535}
11122 {541}
11126 {491}
11127 {548}
11132 {517}
11134 {497, 502}
11137 {519}
11140 {546}
11145 {504}
11153 {498}
11154 {505}
11156 {540}
11179 {509}
11185 {512}
11192 {546}
11193 {546}
11202 {487}
11218 {533}
11233 {534}
11235 {485}
11239 {519}
11244 {519}
11270 {529}
11273 {472, 516}
11279 {473}
11287 {532}
11288 {532}
11300 {532}
11301 {532}
11313 {496}
11316 {473}
11320 {545}
11322 {529}
11341 {471}
11360 {532}
11367 {473}
11373 {533}
11376 {516}
11382 {524}
11403 {495, 548}
11405 {473}
11407 {488}
11409 {501, 520}
11413 {501, 520}
11416 {548}
11421 {547}
11429 {477, 488}
11463 {543}
11479 {481}
11480 {533}
11486 {524}
11488 {514}
11489 {539}
11496 {539}
11498 {488}
11506 {496}
11520 {532}
11523 {470}
11524 {489}
11526 {485}
11527 {507}
11530 {496}
11538 {530}
11551 {496, 504}
11555 {507}
11559 {546}
11568 {489}
11572 {488}
11574 {518}
11576 {477}
11577 {523}
11585 {540}
11601 {505, 522}
11602 {484}
11603 {471}
11609 {530}
11610 {495}
11621 {522}
11634 {497}
11636 {539}
11652 {523}
11660 {503}
11666 {482}
11668 {533}
11679 {492}
11695 {470}
11704 {481}
11707 {527}
11710 {507}
11736 {481}
11738 {538}
11750 {503}
11751 {533}
11765 {525}
11812 {518}
11828 {507}
11836 {490}
11844 {546}
11866 {513, 519}
11882 {472}
11905 {492}
11907 {507}
11908 {525}
11922 {501, 520}
11934 {485, 523}
11947 {490}
11961 {491}
11962 {491}
11963 {472, 491}
11964 {491}
11966 {491}
11967 {491}
11970 {520}
11971 {491}
11972 {491}
11973 {491}
11974 {491, 496, 510}
11975 {491, 519}
11976 {491}
12021 {539}
12032 {526}
12063 {546}
12072 {525}
12085 {543}
12100 {474, 510, 520}
12120 {510}
12127 {473}
12140 {544}
12144 {526}
12151 {502}
12154 {492}
12156 {486}
12157 {486}
12175 {514}
12176 {542}
12177 {481}
12186 {532}
12193 {532}
12194 {532}
12214 {502}
12233 {487, 488}
12235 {501, 520}
12253 {471, 538}
12254 {472}
12266 {532}
12268 {477}
12278 {484, 488}
12282 {529}
12302 {532}
12303 {495}
12304 {495}
12305 {495}
12306 {495}
12307 {495}
12308 {495}
12309 {495}
12310 {495}
12311 {495}
12312 {495}
12313 {495, 506}
12314 {495}
12315 {495}
12316 {495}
12317 {495}
12318 {495}
12319 {495}
12320 {495}
12327 {514}
12358 {527}
12359 {544}
12369 {514}
12372 {514}
12373 {514}
12374 {514}
12375 {514}
12376 {514}
12377 {514}
12378 {514}
12379 {514}
12380 {514}
12381 {514}
12383 {514}
12388 {477, 499, 544}
12389 {514}
12401 {472}
12403 {471}
12406 {513, 532}
12414 {486}
12417 {517}
12419 {543}
12422 {501, 520}
12426 {523}
12432 {477}
12439 {545}
12440 {499}
12456 {502}
12462 {489}
12465 {502}
12477 {499, 541}
12478 {472}
12479 {499, 525}
12480 {499}
12489 {472}
12494 {476}
12499 {514}
12500 {523}
12510 {476}
12516 {524, 531}
12517 {545}
12519 {479}
12521 {515}
12538 {525}
12545 {477}
12546 {534}
12557 {490}
12565 {515}
12566 {549}
12578 {512}
12582 {512}
12598 {540}
12606 {541}
12610 {507, 527}
12624 {548}
12642 {509}
12665 {480}
12670 {501, 520}
12671 {474}
12742 {529}
12764 {534}
12772 {540}
12782 {542}
12795 {510}
12803 {510, 548}
12807 {510}
12809 {510}
12811 {545}
12816 {504}
12819 {496}
12838 {489}
12840 {489}
12842 {549}
12853 {516}
12871 {470}
12911 {544}
12935 {496, 537}
12949 {518}
12950 {518}
12955 {543}
12964 {490}
12968 {471}
12975 {494}
12976 {510}
12987 {514, 524}
12989 {524}
12993 {534}
13003 {524}
13019 {473}
13029 {539, 542}
13033 {471}
13034 {471}
13035 {471}
13036 {471}
13037 {471}
13041 {471}
13042 {471}
13063 {472}
13081 {496}
13086 {548}
13101 {543}
13105 {542}
13112 {481}
13113 {523}
13132 {486}
13135 {472}
13140 {481}
13152 {504}
13177 {524}
13179 {490}
13185 {529}
13192 {524}
13195 {531}
13199 {546}
13224 {506}
13232 {484}
13233 {479, 492, 510}
13238 {511}
13243 {481}
13270 {523}
13283 {475}
13299 {508}
13302 {479}
13306 {497, 542}
13318 {542}
13319 {542}
13320 {542}
13321 {542}
13351 {535}
13385 {485}
13397 {546}
13401 {537}
13402 {471}
13414 {477, 513}
13420 {472}
13421 {513}
13422 {507}
13424 {515}
13425 {479}
13462 {506}
13463 {489}
13468 {515}
13490 {547}
13496 {508}
13507 {475}
13514 {494}
13525 {501, 520}
13529 {487, 501, 520}
13534 {532}
13538 {526}
13539 {508}
13550 {501}
13551 {472, 516}
13554 {479}
13562 {502}
13567 {507}
13585 {523}
13592 {530}
13605 {486}
13618 {517}
13642 {516}
13646 {472}
13678 {518}
13679 {518}
13716 {480}
13722 {544}
13723 {544}
13724 {497}
13728 {544}
13729 {477}
13731 {510}
13736 {496}
13749 {510}
13756 {546}
13800 {533}
13817 {546}
13829 {546}
13835 {501, 520}
13836 {512}
13856 {525}
13859 {522}
13863 {490}
13866 {515}
13881 {477}
13882 {477}
13888 {543}
13891 {488}
13907 {516}
13910 {505}
13927 {529}
13932 {501, 520}
13933 {501, 520}
13934 {501, 520}
13937 {489}
13938 {481}
13949 {472, 516}
13951 {516}
13963 {522}
13968 {524}
13971 {540}
13973 {510}
13987 {473}
14004 {544}
14005 {524}
14020 {486}
14021 {506}
14030 {473}
14031 {473}
14033 {473}
14035 {524}
14041 {473}
14042 {473}
14048 {473, 529}
14054 {497}
14058 {473}
14063 {543}
14097 {488}
14104 {478}
14106 {537}
14114 {537}
14126 {484}
14159 {507}
14176 {536}
14178 {536}
14199 {544}
14203 {504}
14208 {519}
14209 {490}
14227 {473}
14236 {510}
14246 {523}
14247 {523}
14248 {534}
14253 {529}
14269 {524}
14270 {535}
14276 {489}
14282 {496}
14289 {524, 539}
14292 {492, 493}
14293 {493}
14294 {493}
14295 {493}
14296 {493}
14298 {477}
14300 {490, 501, 520}
14369 {542}
14370 {542}
14371 {542}
14372 {542}
14373 {542}
14374 {542}
14375 {542}
14376 {542}
14377 {542}
14378 {542}
14379 {501, 525, 542}
14380 {542}
14381 {542}
14382 {542}
14383 {542}
14384 {542}
14385 {542}
14394 {548}
14402 {522}
14409 {484}
14423 {488, 546}
14447 {524}
14448 {541}
14453 {470}
14454 {470}
14455 {470}
14456 {470}
14457 {470}
14458 {470}
14459 {470}
14460 {470}
14461 {470}
14462 {470}
14463 {471}
14464 {471}
14465 {471}
14466 {471}
14467 {472}
14468 {472}
14469 {472}
14470 {472}
14471 {472}
14472 {472}
14473 {472}
14474 {472}
14475 {472}
14476 {472}
14477 {472}
14478 {472, 516}
14479 {472}
14480 {472}
14481 {472}
14482 {472}
14483 {473}
14484 {473}
14485 {473}
14486 {473}
14487 {473}
14488 {473}
14489 {473}
14490 {473}
14491 {473}
14492 {473}
14493 {474}
14494 {474}
14495 {475}
14496 {475}
14497 {475}
14498 {476}
14499 {476}
14500 {476}
14501 {476}
14502 {476}
14503 {476}
14504 {476}
14505 {476}
14506 {477}
14507 {477}
14508 {477}
14509 {477}
14510 {477}
14511 {477}
14512 {477}
14513 {477}
14514 {477}
14515 {477}
14516 {477}
14517 {477}
14518 {477}
14519 {477}
14520 {477}
14521 {477}
14522 {477}
14523 {477}
14524 {477}
14525 {477}
14526 {478}
14527 {479}
14528 {479}
14529 {479}
14530 {479}
14531 {479}
14532 {479}
14533 {479}
14534 {479}
14535 {479}
14536 {480}
14537 {480}
14538 {480}
14539 {480}
14540 {480}
14541 {480}
14542 {480}
14543 {480}
14544 {480}
14545 {480}
14546 {481}
14547 {481}
14548 {481}
14549 {481}
14550 {481}
14551 {481}
14552 {481}
14553 {481}
14554 {481}
14555 {481}
14556 {481}
14557 {481}
14558 {481}
14559 {482}
14560 {482}
14561 {482}
14562 {482}
14563 {482}
14564 {482}
14565 {482}
14566 {482}
14567 {482}
14568 {482}
14569 {482}
14570 {482}
14571 {482}
14572 {482}
14573 {482}
14574 {482}
14575 {482}
14576 {482}
14577 {482}
14578 {482}
14579 {483}
14580 {483}
14581 {483}
14582 {483}
14583 {483}
14584 {483}
14585 {484}
14586 {484}
14587 {484}
14588 {484}
14589 {484}
14590 {484}
14591 {484}
14592 {484}
14593 {484}
14594 {484}
14595 {484}
14596 {484}
14597 {485}
14598 {485}
14599 {485}
14600 {485}
14601 {485}
14602 {485}
14603 {485}
14604 {485}
14605 {485}
14606 {485, 488}
14607 {485}
14608 {485}
14609 {485}
14610 {485}
14611 {485}
14612 {485}
14613 {486}
14614 {486}
14615 {486}
14616 {486}
14617 {486}
14618 {487}
14619 {487}
14620 {487}
14621 {487, 489}
14622 {487}
14623 {487}
14624 {487}
14625 {487}
14626 {487}
14627 {487}
14628 {487}
14629 {487}
14630 {487}
14631 {487}
14632 {487}
14633 {487}
14634 {488}
14635 {488}
14636 {488}
14637 {488}
14638 {488}
14639 {488}
14640 {488}
14641 {488}
14642 {488}
14643 {488}
14644 {488}
14645 {488}
14646 {488}
14647 {488}
14648 {488}
14649 {488}
14650 {488}
14651 {488}
14652 {489}
14653 {489}
14654 {489}
14655 {489}
14656 {489, 496}
14657 {489}
14658 {489}
14659 {489}
14660 {489}
14661 {489, 534}
14662 {489}
14663 {489}
14664 {489}
14665 {489}
14666 {489}
14667 {489}
14668 {489}
14669 {489}
14670 {489}
14671 {489}
14672 {490}
14673 {490}
14674 {490, 540}
14675 {490}
14676 {490, 541}
14677 {490}
14678 {490}
14679 {490}
14680 {490}
14681 {490}
14682 {490}
14683 {490}
14684 {490}
14685 {491}
14686 {492}
14687 {492}
14688 {492}
14689 {492}
14690 {492}
14691 {492}
14692 {492}
14693 {492}
14694 {492}
14695 {493}
14696 {494}
14697 {494}
14698 {494}
14699 {494}
14700 {494}
14701 {494}
14702 {494}
14703 {494}
14704 {494}
14705 {494}
14706 {494}
14707 {496}
14708 {496}
14709 {496}
14710 {496}
14711 {496}
14712 {496}
14713 {496}
14714 {496}
14715 {496}
14716 {496}
14717 {496}
14718 {496}
14719 {496}
14720 {496}
14721 {496}
14722 {497}
14723 {497}
14724 {497}
14725 {497}
14726 {497, 511}
14727 {497}
14728 {497}
14729 {497, 508}
14730 {497}
14731 {497}
14732 {497}
14733 {497}
14734 {497, 507}
14735 {497}
14736 {497}
14737 {497}
14738 {497}
14739 {497}
14740 {497}
14741 {497}
14742 {497}
14743 {497}
14744 {497}
14745 {497}
14746 {497}
14747 {497}
14748 {497}
14749 {497}
14750 {498}
14751 {498}
14752 {498}
14753 {498}
14754 {498}
14755 {498}
14756 {498}
14757 {498}
14758 {498}
14759 {498}
14760 {498}
14761 {498}
14762 {498}
14763 {499}
14764 {499}
14765 {499}
14766 {499}
14767 {499}
14768 {499}
14769 {499}
14770 {499, 541}
14771 {499}
14772 {499}
14773 {499}
14774 {499, 541}
14775 {499}
14776 {499}
14777 {499}
14778 {499}
14779 {499}
14780 {500}
14781 {500}
14782 {500}
14783 {500}
14784 {500}
14785 {500}
14786 {500}
14787 {500}
14788 {501}
14789 {501, 520}
14790 {501}
14791 {501, 520}
14792 {501, 520}
14793 {501, 520}
14794 {501, 520}
14795 {501, 520}
14796 {501, 520}
14797 {501, 520}
14798 {501, 520}
14799 {501, 520}
14800 {501, 520}
14801 {501, 520}
14802 {501, 520}
14803 {501, 520}
14804 {502}
14805 {502}
14806 {502}
14807 {502}
14808 {502}
14809 {502}
14810 {502}
14811 {502}
14812 {502}
14813 {502}
14814 {502}
14815 {502}
14816 {502}
14817 {502}
14818 {502}
14819 {503}
14820 {504}
14821 {504}
14822 {504}
14823 {504}
14824 {504}
14825 {504}
14826 {504}
14827 {504}
14828 {504}
14829 {504}
14830 {504}
14831 {504}
14832 {504}
14833 {504}
14834 {504}
14835 {504}
14836 {504}
14837 {504}
14838 {504}
14839 {504}
14840 {504}
14841 {504}
14842 {505}
14843 {505}
14844 {505}
14845 {505}
14846 {505}
14847 {505}
14848 {506}
14849 {506}
14850 {506}
14851 {506}
14852 {506}
14853 {506}
14854 {506}
14855 {506}
14856 {506}
14857 {506}
14858 {506}
14859 {506}
14860 {506}
14861 {506}
14862 {506}
14863 {506}
14864 {506}
14865 {506}
14866 {506}
14867 {507}
14868 {507}
14869 {507}
14870 {507}
14871 {507}
14872 {507}
14873 {507}
14874 {507}
14875 {507}
14876 {507}
14877 {507}
14878 {507}
14879 {507}
14880 {507}
14881 {507}
14882 {507}
14883 {507}
14884 {507}
14885 {507}
14886 {507}
14887 {507}
14888 {507}
14889 {507}
14890 {507}
14891 {507}
14892 {507}
14893 {507}
14894 {507}
14895 {508}
14896 {508}
14897 {508, 543}
14898 {508}
14899 {508}
14900 {508}
14901 {508}
14902 {508}
14903 {508}
14904 {509, 518}
14905 {510}
14906 {510}
14907 {510}
14908 {510}
14909 {510}
14910 {510}
14911 {510}
14912 {510}
14913 {510}
14914 {510}
14915 {510}
14916 {510}
14917 {510}
14918 {510}
14919 {510}
14920 {510}
14921 {510}
14922 {510}
14923 {510}
14924 {510}
14925 {510}
14926 {510}
14927 {510}
14928 {510}
14929 {510}
14930 {510}
14931 {511}
14932 {511}
14933 {512}
14934 {512}
14935 {512}
14936 {513}
14937 {513}
14938 {513}
14939 {513}
14940 {513}
14941 {513}
14942 {514}
14943 {514}
14944 {514}
14945 {514}
14946 {514}
14947 {514}
14948 {514}
14949 {514}
14950 {514}
14951 {514}
14952 {514}
14953 {514}
14954 {514}
14955 {514}
14956 {514}
14957 {514}
14958 {514}
14959 {514}
14960 {514}
14961 {514}
14962 {514}
14963 {515}
14964 {515}
14965 {515}
14966 {515}
14967 {516}
14968 {516}
14969 {516}
14970 {516}
14971 {516}
14972 {516}
14973 {516}
14974 {516}
14975 {516}
14976 {516}
14977 {516}
14978 {517}
14979 {517}
14980 {517}
14981 {517}
14982 {517}
14983 {518}
14984 {518}
14985 {518}
14986 {518}
14987 {518}
14988 {519}
14989 {519}
14990 {519}
14991 {519}
14992 {519}
14993 {520}
14994 {520}
14995 {521}
14996 {521, 532}
14997 {521}
14998 {521}
14999 {522}
15000 {522}
15001 {522}
15002 {522}
15003 {522}
15004 {522}
15005 {522}
15006 {522}
15007 {522}
15008 {523}
15009 {523}
15010 {523}
15011 {523}
15012 {523}
15013 {523}
15014 {523}
15015 {523}
15016 {523}
15017 {523}
15018 {523}
15019 {523}
15020 {523, 548}
15021 {523}
15022 {523}
15023 {523}
15024 {523}
15025 {523}
15026 {523}
15027 {524}
15028 {524}
15029 {524}
15030 {524}
15031 {524}
15032 {524}
15033 {524}
15034 {524}
15035 {524, 530}
15036 {524}
15037 {524}
15038 {524}
15039 {524}
15040 {524}
15041 {524}
15042 {524}
15043 {524}
15044 {524}
15045 {524}
15046 {524}
15047 {524}
15048 {524}
15049 {524}
15050 {524}
15051 {525}
15052 {525}
15053 {525}
15054 {525}
15055 {525}
15056 {525}
15057 {525}
15058 {525}
15059 {525}
15060 {525}
15061 {525}
15062 {525}
15063 {525}
15064 {525}
15065 {525}
15066 {526}
15067 {526}
15068 {526}
15069 {526}
15070 {526}
15071 {526, 534}
15072 {526}
15073 {526}
15074 {526}
15075 {526}
15076 {526}
15077 {526}
15078 {526}
15079 {526}
15080 {526}
15081 {526, 533}
15082 {527}
15083 {527}
15084 {527}
15085 {527}
15086 {527}
15087 {527}
15088 {527}
15089 {527}
15090 {527}
15091 {527}
15092 {528}
15093 {528}
15094 {529}
15095 {529}
15096 {529}
15097 {529}
15098 {529}
15099 {529}
15100 {529}
15101 {529}
15102 {529}
15103 {529}
15104 {529}
15105 {529}
15106 {529}
15107 {530}
15108 {530}
15109 {530}
15110 {530, 534}
15111 {530}
15112 {530}
15113 {530}
15114 {530}
15115 {530}
15116 {530}
15117 {530}
15118 {530}
15119 {530}
15120 {530}
15121 {530}
15122 {530}
15123 {530}
15124 {530}
15125 {530}
15126 {530}
15127 {530}
15128 {530}
15129 {530}
15130 {530}
15131 {530}
15132 {530}
15133 {530}
15134 {531}
15135 {531}
15136 {531}
15137 {531}
15138 {531}
15139 {531}
15140 {531}
15141 {531}
15142 {531}
15143 {531}
15144 {531}
15145 {532}
15146 {532}
15147 {532}
15148 {532}
15149 {532}
15150 {532}
15151 {532}
15152 {532}
15153 {532}
15154 {532}
15155 {532}
15156 {532}
15157 {532}
15158 {532}
15159 {532}
15160 {532}
15161 {532}
15162 {532}
15163 {532}
15164 {532}
15165 {532}
15166 {533}
15167 {533}
15168 {533}
15169 {534}
15170 {534}
15171 {534}
15172 {534}
15173 {534}
15174 {534}
15175 {534}
15176 {534}
15177 {534}
15178 {534}
15179 {535}
15180 {535}
15181 {535}
15182 {535}
15183 {535}
15184 {535}
15185 {535}
15186 {535}
15187 {535}
15188 {535}
15189 {535}
15190 {535}
15191 {535}
15192 {536}
15193 {536}
15194 {536}
15195 {536}
15196 {536}
15197 {536}
15198 {537}
15199 {537}
15200 {537}
15201 {537}
15202 {537, 538}
15203 {537}
15204 {538}
15205 {538}
15206 {538}
15207 {538}
15208 {538}
15209 {538}
15210 {538}
15211 {538}
15212 {538}
15213 {539}
15214 {539}
15215 {539}
15216 {539}
15217 {540}
15218 {540}
15219 {540}
15220 {540}
15221 {540}
15222 {540}
15223 {540}
15224 {540}
15225 {541}
15226 {541}
15227 {541}
15228 {541}
15229 {541}
15230 {541}
15231 {543}
15232 {543}
15233 {543}
15234 {543}
15235 {543}
15236 {543}
15237 {543}
15238 {543}
15239 {543}
15240 {543}
15241 {543}
15242 {543}
15243 {544}
15244 {544}
15245 {544}
15246 {544}
15247 {544}
15248 {544}
15249 {544}
15250 {544}
15251 {544}
15252 {544}
15253 {544}
15254 {544}
15255 {545}
15256 {545}
15257 {545}
15258 {545}
15259 {545}
15260 {545}
15261 {545}
15262 {545}
15263 {545}
15264 {545}
15265 {545}
15266 {545}
15267 {546}
15268 {546}
15269 {546}
15270 {546}
15271 {546}
15272 {546}
15273 {546}
15274 {546}
15275 {546}
15276 {546}
15277 {546}
15278 {546}
15279 {546}
15280 {546}
15281 {546}
15282 {546}
15283 {546}
15284 {546}
15285 {546}
15286 {546}
15287 {546}
15288 {546}
15289 {546}
15290 {546}
15291 {546}
15292 {546}
15293 {546}
15294 {546}
15295 {546}
15296 {546}
15297 {546}
15298 {546}
15299 {546}
15300 {546}
15301 {546}
15302 {546}
15303 {546}
15304 {546}
15305 {547}
15306 {547}
15307 {547}
15308 {547}
15309 {547}
15310 {547}
15311 {547}
15312 {547}
15313 {547}
15314 {548}
15315 {548}
15316 {548}
15317 {548}
15318 {548}
15319 {548}
15320 {548}
15321 {548}
15322 {548}
15323 {548}
15324 {548}
15325 {548}
15326 {548}
15327 {548}
15328 {549}
15329 {549}
15330 {549}
15331 {549}
15332 {549}
15333 {549}
15334 {549}
15335 {549}
