0 {82, 127}
1 {81, 82, 88, 89, 93, 94, 98, 99, 102, 104, 106, 107, 108, 112, 113, 116, 125, 127, 129, 135, 139, 144, 145, 150, 156}
2 {104, 127}
3 {79, 85, 89, 95, 100, 107, 108, 110, 121, 123, 124, 127}
4 {88, 89, 104, 127, 139}
5 {88, 89, 122, 152}
6 {99, 116}
7 {81, 84, 85, 94, 99, 107, 125, 128, 137, 141, 144}
8 {81, 82, 88, 92, 96, 97, 98, 99, 102, 104, 108, 111, 121, 123, 124, 135, 139, 149, 153, 156}
9 {141}
10 {103, 117, 125, 135, 141, 155, 156}
11 {86, 93, 108, 132, 137, 145, 146}
12 {82, 88, 93, 100, 102, 105, 112, 117, 122, 124, 125, 126, 133, 141, 148, 149, 151, 152}
13 {130}
15 {79, 82, 90, 94, 103, 104, 114, 126, 127, 129, 137, 139, 141, 146, 149, 154, 156, 157}
16 {79, 80, 81, 83, 84, 88, 90, 92, 97, 99, 110, 113, 114, 119, 125, 129, 142, 148, 151, 152, 157}
18 {127}
19 {83, 89, 92, 93, 95, 97, 98, 99, 100, 104, 106, 120, 123, 124, 126, 129, 130, 133, 134, 146, 148, 149, 158}
20 {88, 89, 92, 114, 117, 127, 132, 139, 151}
21 {88, 111, 139}
22 {88, 98, 102}
24 {80, 88, 89, 93, 100, 104, 105, 108, 112, 113, 116, 127, 128, 134, 145}
25 {127, 130}
26 {79, 80, 81, 82, 84, 85, 90, 93, 94, 97, 98, 99, 102, 104, 105, 108, 110, 112, 113, 114, 116, 119, 120, 122, 123, 124, 125, 126, 127, 128, 129, 130, 133, 139, 140, 145, 146, 147, 148, 153, 154, 156, 157, 158}
27 {81, 85, 88, 89, 93, 97, 98, 99, 100, 102, 104, 106, 107, 108, 110, 112, 114, 116, 124, 126, 127, 128, 129, 135, 139, 141, 144, 145, 148, 150, 151, 155}
28 {81, 86, 138}
29 {84, 93, 98, 100, 104, 114, 127, 140, 145}
30 {79, 82, 84, 90, 97, 98, 99, 100, 101, 102, 104, 108, 112, 114, 119, 124, 125, 126, 127, 128, 129, 135, 136, 138, 140, 141, 142, 144, 145, 146, 148, 150, 151, 154}
32 {80, 83, 88, 108, 127, 135, 140, 141, 143, 146}
34 {80, 92, 105, 116, 119, 124, 133, 145, 146, 156}
37 {82, 103, 105, 109, 127, 148, 149}
38 {91, 92, 93, 95, 98, 108, 109, 110, 113, 116, 131, 136, 142, 149, 152}
39 {81, 97, 108, 116, 123, 129, 148, 155}
40 {119, 139, 144}
41 {127, 137, 154}
42 {79, 88, 94, 99, 100, 110, 127, 138, 139, 143, 144, 145, 152, 156, 157, 158}
43 {127}
44 {80, 85, 88, 89, 90, 101, 104, 105, 114, 127, 129, 133, 136, 140, 154, 157}
45 {81, 114, 125, 132}
46 {79, 80, 111}
47 {127}
48 {127, 150}
49 {127, 137}
50 {81, 84, 85, 97, 99, 102, 105, 114, 129, 139, 140, 145, 155}
51 {127}
52 {83, 99, 115, 122, 127, 136, 140}
53 {81, 89, 100, 112, 114, 125, 126, 127, 139}
54 {127}
55 {82, 109, 127}
56 {79, 80, 84, 85, 87, 88, 89, 94, 95, 98, 99, 100, 101, 104, 105, 106, 107, 108, 112, 114, 118, 124, 125, 126, 127, 128, 129, 130, 133, 134, 135, 136, 138, 140, 141, 142, 143, 144, 145, 148, 150, 151, 154}
58 {85, 89, 90, 97, 105, 110, 113, 123, 127, 128, 138, 139, 150, 157}
60 {80, 98, 100, 102, 106, 108, 112, 113, 119, 129, 140, 145}
62 {138}
63 {79, 84, 88, 89, 92, 95, 100, 101, 104, 127, 133, 139, 144, 146, 150}
64 {85, 101, 128, 144, 148}
65 {94, 95, 114, 125, 146, 148, 155}
67 {99}
68 {84, 101, 110, 120, 130, 144, 157, 158}
69 {81, 83, 98, 99, 119, 121, 126, 127, 128, 137, 146, 150, 158}
70 {81, 83, 87, 88, 89, 90, 91, 92, 93, 94, 95, 96, 98, 102, 112, 117, 124, 127, 130, 132, 138, 141, 142, 149, 150}
71 {149}
73 {82, 89, 91, 102, 109, 112, 113, 114, 119, 121, 132, 134, 142, 153, 156, 157, 158}
74 {81, 83, 85, 88, 89, 91, 95, 96, 97, 98, 99, 100, 101, 107, 108, 112, 113, 116, 124, 126, 134, 135, 138, 140, 141, 142, 143, 144, 147, 148, 150, 154, 155, 156, 157}
75 {127}
76 {84, 96, 101, 107, 133, 155}
77 {84, 101}
79 {93, 113, 118, 123, 125, 128, 134, 143, 155}
80 {123, 139}
81 {127, 139}
82 {81, 100, 123, 126, 143, 156}
83 {95, 127, 135}
84 {80, 98, 112, 129, 141}
85 {104}
87 {137}
89 {123, 127, 139, 140}
90 {102, 116, 133, 146}
93 {79, 118, 154}
94 {79, 82, 90, 98, 101, 102, 105, 111, 112, 113, 118, 122, 125, 127, 129, 134, 136, 138, 140, 141, 142, 143, 148, 149, 154, 155, 156}
95 {110}
97 {103}
98 {81, 88, 93, 97, 99, 101, 114, 128, 130, 145, 152}
99 {112, 113, 125, 128, 129}
100 {85, 98, 107, 112, 114, 118, 122, 124, 129, 130, 134, 146, 148, 152}
101 {100, 102, 108, 112, 127, 135, 138, 152, 154}
102 {81, 82, 91, 100, 102, 110, 119, 125, 127, 139, 140, 151}
103 {84, 150}
105 {81, 84, 90, 97, 99, 105, 107, 108, 125, 148}
106 {154}
107 {82, 105, 109, 129, 149}
109 {134, 140}
110 {112, 127}
111 {109, 110}
112 {99, 100}
113 {88, 123, 128, 134, 135, 140}
114 {127}
115 {127}
116 {145}
117 {128}
119 {81}
120 {94, 95, 100, 102, 118, 119, 123, 140, 151}
122 {127}
124 {127}
125 {96}
126 {86, 101, 105, 126, 130, 133}
129 {79, 95, 104, 106, 130, 144, 150, 152}
130 {79, 80, 82, 84, 86, 88, 91, 95, 96, 98, 101, 103, 104, 106, 107, 114, 120, 121, 122, 129, 131, 136, 139, 144, 146, 152, 153, 157}
131 {129, 153}
132 {127, 134}
133 {102}
135 {95, 99, 102, 110, 112, 116, 129, 130, 135, 142, 144, 147, 153}
136 {89, 102, 111, 114, 117, 121, 129, 131, 132, 135, 137, 144}
137 {81, 84, 85, 89, 90, 92, 95, 98, 100, 102, 107, 108, 112, 113, 114, 123, 125, 129, 134, 135, 136, 138, 140, 143, 145, 147, 148, 154, 158}
139 {78, 80, 82, 95, 127, 134, 158}
140 {127}
141 {84, 101, 150}
142 {80, 127, 154}
143 {110, 120, 139}
144 {86}
145 {80, 84, 86, 89, 96, 105, 137, 153, 157}
146 {86}
147 {86, 137}
148 {86}
149 {126, 140, 151}
150 {79, 82, 84, 86, 96, 98, 114, 116, 122, 141, 142, 145, 150, 154}
151 {88, 93, 97, 101, 113, 114, 118, 125, 136, 138}
153 {86}
154 {79, 89, 92, 93, 95, 96, 98, 99, 102, 107, 108, 112, 113, 116, 118, 119, 124, 125, 136, 138, 140, 142, 144, 147, 150, 155, 156, 157}
155 {99, 122, 124, 148}
157 {85, 95, 99, 100, 112, 138}
158 {79, 84, 89, 92, 105, 111, 121, 122, 129, 130, 138, 144, 146, 152}
159 {122, 123}
160 {86, 92, 108, 114, 130, 131, 142, 144}
161 {86, 96, 155}
162 {86, 92, 96, 115}
163 {79, 80, 81, 84, 85, 91, 93, 94, 95, 97, 98, 99, 100, 102, 106, 108, 114, 116, 119, 124, 127, 128, 129, 131, 135, 138, 141, 142, 145, 147, 148, 151, 153, 158}
164 {82, 86, 111}
166 {102, 122}
167 {79, 81, 82, 83, 84, 89, 93, 102, 104, 109, 111, 112, 114, 116, 123, 125, 128, 133, 135, 141, 142, 143, 146, 158}
168 {86, 115, 131}
169 {82, 83, 86, 88, 89, 90, 95, 102, 108, 111, 116, 119, 120, 121, 124, 131, 141, 147, 149, 150, 153}
170 {88, 90, 93, 98, 102, 104, 112, 113, 116, 125, 127, 135, 140, 145, 147, 148, 156}
171 {80, 84, 86, 87, 89, 96, 105, 108, 109, 110, 121, 122, 137, 142, 153, 157}
172 {79, 86, 91, 93, 125, 136, 149, 153, 156}
175 {130}
176 {110}
178 {81, 86, 91, 96, 98, 100, 110, 121, 122, 131, 148, 152, 153, 157}
179 {86, 96}
180 {86, 153}
181 {86, 110, 121, 153}
183 {86, 89, 96, 153}
184 {86}
185 {86}
186 {84, 86, 89, 96, 110, 121, 122, 137, 153, 157}
187 {89, 142}
189 {82, 86, 96, 99, 102, 110, 122, 132, 147, 153}
190 {82, 88, 94, 102, 104, 106, 111, 114, 115, 122, 132, 137, 146, 149, 152, 154, 157, 158}
195 {85, 91, 95, 130, 141, 144, 153}
196 {122}
197 {139}
199 {85}
200 {86, 110, 122, 152}
201 {122}
202 {91}
204 {84, 98, 102, 133, 146}
205 {91, 110}
206 {78, 80, 81, 83, 84, 85, 86, 87, 88, 90, 91, 92, 94, 95, 97, 99, 101, 104, 105, 106, 107, 110, 112, 114, 117, 120, 121, 122, 123, 125, 127, 128, 129, 130, 131, 132, 133, 134, 136, 137, 138, 140, 141, 142, 143, 145, 146, 147, 148, 150, 152, 153, 154, 155, 156, 158}
208 {137}
209 {98, 139}
211 {122, 131}
213 {100, 147, 150}
214 {79, 80, 82, 89, 95, 98, 99, 111, 116, 120, 131, 138, 139, 143, 144, 148, 158}
215 {79, 80, 84, 85, 106, 145}
216 {119}
217 {86, 128}
218 {86, 119}
219 {99, 108, 110, 119, 121, 140, 141}
222 {79, 81, 82, 90, 106, 110, 118, 122, 124, 125, 134, 144, 148, 158}
224 {78, 79, 84, 85, 86, 88, 89, 90, 93, 96, 98, 101, 103, 104, 105, 107, 108, 110, 111, 113, 114, 121, 122, 123, 124, 126, 130, 133, 135, 138, 140, 141, 144, 149, 151, 152, 153, 156, 157}
225 {86, 113, 118, 157}
227 {86, 117, 123, 152}
228 {86, 96, 122}
229 {86, 100}
230 {86}
231 {131}
233 {84, 86, 92, 116, 133, 157}
234 {86}
235 {82, 91, 110, 152}
236 {86, 88, 101, 104, 110, 111, 121, 122, 124, 128, 129, 131, 153, 154, 156, 157}
237 {86, 108, 114}
238 {86, 121, 133, 141, 143, 150, 154}
239 {82, 86, 99, 110, 119, 122, 142, 147, 152}
241 {79, 108, 110, 111, 138, 141, 152, 157}
242 {94, 116, 120}
243 {84, 98, 116, 117, 124, 143, 144, 150}
244 {79, 80, 85, 87, 92, 98, 102, 108, 112, 114, 118, 122, 135, 144, 146, 152, 154}
245 {152}
246 {79, 82, 84, 90, 111, 112, 114, 123, 128, 131, 137, 152}
248 {111, 118}
249 {111}
250 {85, 96, 101, 108, 111, 118, 131, 135, 138, 148, 149, 152}
251 {85, 96, 101, 105, 108, 111, 118, 123, 131, 135, 138, 148, 149}
252 {84, 86, 93, 97, 112, 114, 125, 136}
253 {86}
254 {138, 152}
255 {91, 95, 125, 136, 147, 149}
256 {101}
258 {88, 104}
259 {98, 102}
260 {85, 89, 92, 95, 139}
261 {82, 95, 98, 104, 105, 110, 112, 121, 126, 149, 157}
262 {88, 91, 97, 109, 122, 157}
263 {121, 134}
264 {110, 120}
265 {96}
267 {105, 155}
268 {89, 102, 108, 153, 156}
270 {122}
272 {88, 96, 116}
273 {85}
275 {88, 107, 121, 146}
276 {88, 99}
277 {80, 86, 87, 91, 92, 94, 95, 98, 103, 104, 105, 106, 108, 109, 114, 116, 119, 121, 123, 126, 128, 129, 132, 140, 144, 145, 146, 148, 149, 151, 152, 153, 158}
278 {80, 81, 86, 87, 92, 93, 94, 97, 98, 103, 104, 105, 106, 109, 114, 116, 118, 119, 123, 126, 132, 139, 140, 141, 144, 145, 146, 148, 151, 152, 153, 154, 158}
280 {86}
281 {123, 140}
283 {80, 84, 86, 89, 96, 105, 110, 121, 122, 137, 142, 153}
284 {80, 84, 122, 144, 152, 153}
285 {80, 86, 89, 91, 96, 98, 122, 131, 150}
288 {82, 153}
289 {82, 93, 110, 152}
290 {84, 96, 108, 129, 131, 150, 153}
291 {80, 83, 86, 88, 96, 102, 105, 113, 121, 128, 157}
292 {122, 131}
293 {86, 116}
294 {86}
295 {86}
297 {78, 97, 105, 107, 132}
298 {96}
299 {91, 96, 131}
300 {96, 137}
304 {122, 126}
305 {86, 96, 131}
306 {82, 110}
307 {80, 82, 87, 90, 93, 96, 110, 121, 122, 126, 130, 131, 133, 140, 141, 142, 149, 153, 157, 158}
308 {92, 133, 151}
309 {131, 157}
312 {88, 122, 128, 139}
313 {91, 104, 119, 122, 133, 134}
314 {134, 140, 150}
317 {82, 86, 96}
319 {86}
320 {101, 111, 135}
322 {86, 102, 122}
323 {84, 106, 109, 110, 111}
324 {88, 117, 132, 139, 144, 152}
325 {139, 144}
327 {88, 98, 107, 120, 127, 150, 156}
329 {79, 82, 85, 90, 113, 116, 134, 155}
332 {79, 80, 85, 89, 90, 101, 105, 109, 112, 116, 119, 124, 127, 128, 134, 135, 142, 146, 149, 151, 157}
333 {126}
334 {78, 82, 83, 92, 93, 102, 105, 111, 121, 122, 132, 149, 157}
335 {137, 140, 152}
336 {82, 111, 129, 149}
337 {79, 80, 81, 85, 88, 93, 95, 98, 99, 100, 101, 102, 103, 106, 107, 108, 110, 112, 113, 115, 116, 119, 123, 124, 125, 126, 127, 128, 134, 135, 136, 138, 139, 141, 142, 143, 145, 147, 148, 151, 155, 156, 158}
338 {82, 85, 91, 106, 111, 118, 119, 120, 126, 134, 142, 144, 147, 148, 149, 150, 151, 156}
343 {79, 80, 90, 92, 130}
344 {111, 156}
345 {88, 90, 102, 108, 114, 116, 131, 136, 138, 141, 149}
346 {91}
347 {91, 96, 98, 112, 121, 138, 149, 151}
348 {109, 111, 137, 149}
350 {83, 113, 129, 133, 140, 145}
353 {88, 127, 134, 140}
355 {80, 91, 105, 111, 123, 138, 146, 149}
356 {83, 91, 124, 133, 138, 141, 146, 150}
358 {89, 91, 107, 143, 151}
359 {78, 80, 82, 83, 88, 99, 100, 101, 106, 119, 121, 136, 153}
360 {84, 87, 111, 128}
361 {88, 89, 112, 124, 128, 135, 141, 152}
362 {79, 87, 88, 100, 105, 128, 129, 149}
364 {80, 146, 149, 154, 158}
367 {82, 149}
368 {130}
370 {99, 103, 105, 113, 128}
371 {79, 130}
372 {80, 150}
373 {78, 80, 81, 88, 89, 93, 97, 99, 103, 107, 108, 110, 112, 116, 119, 121, 124, 129, 135, 137, 141, 144, 149}
374 {98, 148}
377 {82}
378 {138}
380 {99, 107, 126}
381 {79, 80, 151}
382 {138, 152}
383 {93, 107}
385 {85, 96, 116, 135}
386 {96}
389 {124, 129, 134, 153}
393 {82, 87, 103, 126}
394 {124, 149, 155, 156}
397 {81, 134}
399 {117, 128}
401 {156}
402 {82, 90, 98, 102, 105, 108, 109, 116, 120, 128, 134, 141, 142, 144, 148, 150, 154}
403 {80, 82, 84, 92, 95, 96, 101, 109, 110, 111, 112, 120, 122, 123, 130, 132, 144, 146, 147, 149, 157}
405 {82, 84, 90, 92, 95, 99, 101, 108, 123, 130, 139, 140, 141, 142, 145, 150}
406 {104, 142}
407 {92, 111, 130, 145}
409 {79, 133, 135}
410 {90, 91, 96, 112, 129, 134, 138}
412 {84, 114, 121, 125, 126, 130, 137, 156}
413 {89, 114, 119, 125, 126, 141, 156, 157}
414 {80, 83}
416 {83, 85, 91, 92, 93, 98, 102, 111, 112, 114, 119, 127, 129, 138, 141, 148, 149, 150, 152, 156, 157}
417 {94, 125, 138, 141, 148, 154}
419 {106}
420 {84, 88, 89, 92, 96, 112, 121, 130, 139, 140, 144, 152, 153}
421 {91, 95, 99, 114, 127, 140, 153}
422 {110, 113, 123, 135, 141, 145, 148}
423 {79, 81, 84, 88, 89, 90, 92, 94, 97, 98, 100, 102, 105, 107, 108, 110, 111, 112, 114, 123, 126, 127, 128, 129, 130, 135, 138, 139, 140, 142, 143, 144, 145, 148, 149, 150, 154, 155, 157, 158}
424 {79, 98, 102, 112, 129, 139, 144, 148}
425 {80, 81, 82, 83, 84, 91, 92, 93, 96, 99, 101, 102, 107, 115, 116, 117, 121, 124, 133, 142, 149, 150, 153}
426 {79, 81, 83, 92, 96, 99, 107, 124, 126, 129, 131, 133, 135, 140, 148, 157}
429 {79, 81, 98, 122, 138, 142, 144}
432 {85, 121, 127}
433 {92, 97, 119, 144}
435 {117}
438 {91, 102, 112, 117, 121, 139, 144}
439 {92, 102, 112, 135, 140, 144, 146, 148, 151}
440 {87, 91, 95, 100, 144}
442 {88, 139, 144, 152}
443 {81, 83, 85, 87, 92, 97, 99, 103, 105, 128, 129, 133, 139, 146}
445 {104, 108, 112, 135, 138, 145}
446 {98, 138, 148}
449 {91, 96, 122, 131, 146}
450 {82, 83, 85, 105, 108, 111, 116, 121, 126, 128, 133, 136, 146, 149, 156}
453 {84, 114, 120, 123, 126}
454 {79, 90, 93, 98, 107, 108, 110, 112, 113, 114, 116, 123, 131, 138, 148, 149, 155, 156, 157, 158}
455 {79, 81, 82, 84, 85, 95, 98, 99, 101, 102, 104, 107, 113, 115, 118, 119, 123, 126, 127, 128, 138, 139, 141, 142, 145, 147, 148, 150, 151, 155, 156}
456 {98, 107, 113, 116, 123, 155, 156}
459 {107, 114}
460 {79}
461 {80, 99, 101, 105, 108, 124, 129, 134}
463 {90}
464 {82, 86, 96, 98, 105, 109, 112, 114, 116, 122, 125, 136, 148}
465 {82, 85, 87, 99, 103, 107, 114, 118, 119, 123, 125, 126, 127, 134, 136, 138, 141, 145, 148}
468 {90, 109, 130, 136}
469 {91, 116}
470 {113}
471 {85, 95, 101, 117, 132, 133, 142, 148, 150, 151}
472 {114, 135, 138}
473 {98, 112, 118, 123, 125, 126, 134, 148}
474 {80, 84, 97, 98, 99, 105, 108, 128, 130, 139, 144, 149}
475 {81, 88, 97, 99, 121, 137, 139}
476 {81, 83, 94, 126, 128, 136, 146, 155}
477 {152}
478 {84, 89}
479 {95, 96, 123, 135, 136, 145, 150, 151}
480 {93, 113, 114, 125, 155}
481 {85, 88, 89, 93, 94, 97, 98, 99, 100, 102, 104, 105, 107, 108, 112, 114, 116, 124, 125, 126, 128, 134, 135, 139, 140, 141, 144, 145, 150, 151, 154, 155}
483 {85, 92}
484 {81, 83, 88, 97, 101, 114, 140}
485 {87, 110, 116, 121, 153}
486 {87, 92, 148}
487 {78, 90, 97, 99, 100, 104, 105, 108, 124, 125, 128, 130, 133, 140, 155}
488 {91, 125, 131, 150}
489 {80, 81, 88, 95, 96, 121, 122, 151, 153, 157}
491 {106, 144}
492 {90, 92, 95, 101, 118, 123, 144, 150}
493 {85, 87, 89, 96, 136, 138}
494 {84, 85, 90, 97, 98, 108, 111, 114, 116, 125, 126, 130, 133, 136, 138, 145, 155}
497 {79, 84, 85, 88, 89, 94, 95, 98, 99, 104, 105, 106, 108, 114, 118, 123, 125, 127, 130, 142, 145, 146}
498 {90, 110, 118, 120, 156}
499 {90, 98, 112, 125, 136, 138, 141, 148}
500 {155}
501 {125}
504 {92}
506 {98}
507 {107}
510 {87, 96, 108, 112, 138, 142, 158}
511 {83, 92, 105, 114, 123, 133, 134, 135, 143, 146, 155}
512 {106, 117}
513 {101, 110, 119, 124, 127, 143}
515 {141}
516 {107, 113, 114, 126, 133, 134, 136, 145, 148, 155}
518 {90}
519 {80, 96, 123, 152, 158}
521 {85, 93, 97, 99, 107, 113, 114, 125, 128, 141, 143, 154, 155, 156}
522 {88, 94, 107, 125, 128, 129, 154, 156}
523 {101, 142, 154, 156}
524 {99, 107, 141, 143}
525 {100, 140}
526 {88}
531 {89, 91, 114, 147, 153}
532 {80, 145, 155}
534 {90}
536 {79, 115}
537 {150}
538 {80, 81, 85, 89, 92, 95, 99, 104, 105, 113, 114, 120, 123, 124, 128, 138, 140, 141, 145, 148, 152, 153}
539 {93, 118, 143, 155}
541 {91}
542 {91}
545 {80, 82, 122, 131, 144}
546 {80, 82, 84, 85, 88, 98, 100, 106, 108, 114, 135, 142, 148, 153, 158}
551 {91}
554 {80, 81, 91, 94, 101, 105, 111, 119, 131, 144}
555 {92, 134}
557 {82}
558 {141}
559 {84, 89, 92, 101, 115, 119, 122, 123, 126, 128, 132, 133, 136, 141, 147, 149, 155}
560 {83}
561 {80, 85, 87, 88, 95, 96, 98, 99, 111, 114, 124, 126, 130, 134, 139, 142, 143, 144, 152, 155, 158}
562 {80, 89, 92, 95, 98, 101, 124, 133, 146, 150}
563 {101, 105, 133, 146, 150}
568 {84, 122}
569 {117, 137}
570 {80, 85, 90, 97, 109, 116, 124, 128, 129}
571 {81, 82, 101, 128}
572 {150}
573 {92, 98, 134, 142}
574 {86, 110, 122, 152, 157}
575 {138}
578 {78, 88, 95, 116, 128}
579 {89, 104, 129, 144, 157}
580 {102}
581 {82, 85, 88, 99, 107, 111, 126, 149, 150}
583 {87, 102, 120, 129, 131, 139, 148}
584 {96}
585 {96, 153}
587 {92, 133}
589 {92, 128, 136, 148}
596 {80, 83, 96, 104, 105, 122, 130, 144, 152}
598 {84}
599 {92}
600 {90, 94, 104, 113, 124, 126, 128, 141, 150, 152, 155}
601 {111}
602 {122}
604 {96, 98, 107, 110, 112, 146, 152}
605 {116, 132, 150}
606 {79, 87, 99, 103, 108, 109, 112, 114, 133, 138, 140, 142, 145, 158}
608 {120}
610 {86, 89, 96, 110}
613 {92, 123, 133}
615 {129}
617 {78, 95, 96, 104, 141, 142}
618 {107}
620 {86, 88, 89, 91, 96, 110, 144, 152}
621 {86}
625 {101, 141}
627 {85, 100, 113, 138}
630 {138}
632 {121}
633 {96, 134, 152}
634 {91, 96}
636 {84, 86, 115, 149, 153, 157}
637 {82}
638 {108, 110, 126}
640 {95, 111, 152}
642 {89}
644 {95, 142}
645 {83, 86, 91, 96, 100, 104, 111, 113, 124, 131, 135, 146}
648 {90}
649 {125}
652 {110, 122, 131}
653 {86, 157}
654 {91}
655 {80, 82, 86, 91}
656 {82, 110, 157}
657 {91, 126, 152}
658 {95, 99, 110, 132}
659 {133}
663 {122}
664 {110, 122}
666 {79, 91, 98, 101, 102, 116, 123, 131, 144}
667 {85, 88, 89, 92, 93, 98, 101, 111, 112, 114, 119, 121, 125, 126, 131, 134, 136, 138, 147, 154, 157}
668 {82, 83, 93, 95, 146}
671 {122}
674 {122}
675 {86, 122, 137}
676 {122}
677 {80, 101, 102, 103, 104, 105, 130, 133, 150}
678 {82, 84, 86, 90, 93, 95, 96, 122, 129, 138, 149, 153}
679 {93, 95, 96, 113, 122, 129}
680 {88, 92, 104, 109, 129, 139, 144, 146, 152}
681 {81, 82, 86, 111}
682 {79, 90, 117, 152}
684 {86, 90, 100, 102, 106, 114, 129, 135, 136, 152, 157}
685 {86, 96, 100, 102, 120}
687 {93, 122, 125, 148}
690 {81, 85, 86, 99, 116, 134, 139, 144, 152}
692 {101, 108, 118, 149}
693 {122}
694 {80, 81, 88, 89, 122, 150}
696 {120}
697 {86, 88, 99, 108, 110, 122, 127, 131, 133, 136, 137, 152, 154, 155}
699 {96, 140, 156}
700 {90, 91, 101, 104, 106, 107, 125, 138, 141, 156, 157}
701 {91, 140}
702 {110, 122}
705 {96, 104, 110, 113, 120, 130, 141, 144, 157}
707 {122}
708 {137, 154}
709 {122, 152}
710 {82, 88, 89, 110, 120, 122, 123, 125, 135, 138}
712 {88, 122, 130, 131}
715 {131}
716 {110, 122}
717 {80, 88, 115, 127, 139}
719 {128, 146}
721 {84, 109, 113}
722 {145}
723 {106, 134}
724 {120, 148}
727 {110, 121, 122, 152, 153, 157}
730 {109}
731 {114, 121, 130, 141, 143, 144, 152, 153, 157}
732 {91}
734 {93, 98, 128, 131, 135, 143, 146, 147}
735 {131}
736 {84, 89, 101, 110, 111, 115, 133, 148, 149, 157}
737 {122}
739 {89, 101, 152, 157}
740 {103}
741 {95, 98, 110, 122, 131, 137, 143}
742 {117, 120, 122, 130, 156}
743 {79, 85, 94, 98, 114, 121, 123, 131, 133, 136}
745 {104}
747 {79, 108, 123, 140, 141, 142, 158}
752 {122}
754 {122}
755 {122, 153}
756 {108, 122}
757 {92, 95, 107, 122, 133, 153}
758 {78, 83, 85, 89, 95, 104, 111, 117, 120, 127, 140, 153}
759 {110, 137, 153}
760 {110}
761 {146}
762 {88}
765 {116, 131}
766 {102, 131}
768 {131, 136}
769 {86, 115, 131, 154}
770 {83, 86, 87, 93, 94, 97, 99, 101, 110, 114, 118, 124, 126, 127, 128, 130, 132, 140, 141, 144, 145, 146, 148}
771 {122}
772 {147}
773 {122}
774 {122}
775 {109, 110, 115, 146}
776 {120, 123}
777 {94, 108, 122, 135, 140, 157}
778 {80, 86, 87, 103, 105, 110, 121, 122, 147, 153, 157}
779 {80, 86, 87, 103, 105, 110, 121, 122, 147, 153, 157}
780 {95, 122}
781 {122, 130, 158}
782 {93, 98, 106, 122, 126, 134, 140, 141, 142, 149}
783 {79, 139, 156}
784 {82, 89, 96, 98, 112, 113, 119, 122, 128, 134, 148, 152, 153, 156}
785 {122}
786 {113, 149, 150}
788 {106}
789 {122}
790 {80, 85, 95, 102, 121, 122}
791 {122}
792 {90, 97, 101, 104, 120, 122, 138, 141, 144}
793 {110, 122}
794 {122}
795 {82, 84, 90, 95, 96, 98, 116, 119, 122, 125, 128, 129, 135, 138, 145, 156}
796 {122, 130}
797 {84}
798 {122}
799 {79, 91, 96, 98, 112, 118, 127, 130, 134, 135, 138, 140, 144, 145, 148, 149, 154, 157}
800 {81, 97, 100, 139, 140, 148, 156}
801 {79, 98, 112, 114, 123}
803 {101, 153}
804 {79, 89, 94, 102, 104, 108, 110, 116, 127, 148, 158}
805 {93, 118, 125, 143, 155}
806 {108, 143, 147}
807 {141}
809 {81, 83, 85, 91, 93, 100, 105, 113, 126, 149}
810 {92, 93, 98, 102, 106, 113, 130, 138, 139}
812 {79, 101, 144}
813 {135, 140}
814 {84, 89, 95, 98, 102, 104, 110, 111, 114, 119, 120, 124, 125, 130, 134, 136, 147, 149}
816 {80, 98, 119, 120, 128, 135, 141, 153, 158}
817 {129, 147}
818 {80, 96, 142, 152}
820 {116, 141, 145, 148}
821 {80, 84, 85, 90, 92, 95, 98, 99, 102, 103, 104, 105, 108, 112, 113, 116, 119, 123, 125, 129, 130, 133, 134, 136, 138, 143, 145, 146, 147, 148, 155, 158}
822 {110}
823 {85, 97, 100, 114, 142, 144, 145, 148}
824 {101, 146}
825 {95, 97, 98, 100, 108, 144}
826 {79, 84}
829 {119}
831 {98, 102, 108, 116, 148}
832 {81, 100, 115, 118, 133}
833 {78, 83, 85, 89, 90, 102, 105, 108, 112, 113, 114, 124, 126, 133, 136, 140, 144, 145, 146, 150}
834 {82, 136, 138}
835 {81, 82, 87, 88, 99, 104, 105, 107, 111, 120, 121, 122, 124, 125, 149, 152}
836 {89}
838 {79, 85, 95, 99, 100, 104, 116, 123, 138, 145, 147}
839 {97, 100, 139}
840 {102}
841 {85, 95, 98, 100, 102, 112, 114, 129, 138, 144, 148}
842 {85, 90, 103, 134}
844 {101, 102, 131, 153}
845 {100}
846 {92, 100, 110, 118, 119, 127, 133, 144, 146}
847 {98}
848 {90, 116, 125}
850 {103, 108, 109, 112, 123, 138, 142}
852 {96}
853 {92, 133, 146}
854 {80, 83, 84, 87, 88, 103, 119, 128, 143, 149, 158}
857 {79, 81, 90, 99, 105, 108, 114, 120, 125, 135, 141, 142, 143, 155, 158}
858 {93, 108, 114}
862 {78, 81, 85, 88, 89, 95, 97, 99, 100, 101, 108, 112, 113, 114, 116, 118, 120, 124, 125, 126, 128, 134, 135, 140, 141, 142, 143, 144, 148, 150, 154, 155}
863 {79, 82, 102, 106, 107, 108, 110, 116, 119, 123, 127, 133, 134, 141, 151}
865 {99, 102, 148}
866 {85, 98, 99, 102, 105, 112, 115, 116, 123, 126, 127, 136, 138, 141, 143, 148, 155, 156}
868 {83, 93, 99, 142, 144, 150, 154}
869 {101}
871 {102}
872 {80}
873 {79, 111, 113, 134, 156}
875 {79, 90, 92, 93, 104, 134}
876 {86, 89, 96, 128, 145}
877 {79, 80, 98, 106, 114, 124, 142}
878 {82, 88, 93, 94, 102, 104, 112, 113, 125, 136, 139, 156}
879 {150}
880 {106, 125, 141}
882 {92}
883 {96, 122, 126, 128, 129, 152}
884 {114, 119, 157}
885 {88, 110, 119}
886 {149}
887 {87, 91, 93, 98, 103, 111, 123, 144, 146, 147, 149, 152}
888 {85}
889 {156}
891 {108, 126, 135, 140, 145, 146, 156}
892 {99}
893 {104}
895 {88}
896 {80, 90, 92, 98, 100, 104, 105, 106, 112, 114, 117, 120, 132, 133, 134, 137, 141, 152, 153, 158}
897 {79}
901 {93, 98, 112, 151}
904 {79, 85, 88, 98, 112, 114, 125, 148}
905 {91}
906 {85, 100, 151}
910 {118, 122}
913 {101, 128, 157}
914 {82, 96, 153, 156, 157}
915 {138, 148}
917 {114}
919 {80}
920 {105, 129, 137, 140, 158}
922 {82, 92, 93, 99, 100, 102, 106, 111, 113, 117, 118, 126, 129, 130, 131, 132, 137, 144, 145, 146, 149, 156, 157}
923 {111, 136, 150}
924 {116, 133, 155}
925 {84, 112, 114, 126, 133, 136, 144, 148}
926 {86, 132, 150, 152}
927 {153}
928 {101}
930 {82, 83}
931 {84, 95, 104, 118, 127, 139, 142, 144, 145, 150}
932 {86, 96, 110, 120, 123, 146, 147}
934 {98, 124, 140}
935 {82, 92, 114, 128, 136, 144, 148}
937 {92, 95, 101, 133, 134, 150}
938 {81, 83, 91, 93, 103, 126, 132, 146, 148, 149}
939 {146}
940 {84}
941 {83, 84, 85, 88, 107, 129, 136, 146, 155}
942 {120, 132}
943 {88, 148}
944 {127}
945 {86}
946 {137, 144, 156}
948 {146}
949 {102, 103, 104, 111, 144, 158}
950 {156}
951 {89, 97, 150}
953 {109}
954 {121, 141}
955 {84, 92, 100, 102, 106, 108, 110, 111, 119, 123, 137, 140, 146, 149, 152, 157}
957 {83, 85, 97, 129, 145}
958 {114}
959 {114}
960 {114}
961 {114}
962 {84, 95, 118, 119, 142, 144, 145, 150}
963 {93, 97, 117, 152}
965 {84, 85, 98, 123, 125, 138, 141}
967 {105, 134, 143, 148}
969 {84, 95, 101, 150}
970 {79, 94, 102, 128, 133, 138}
971 {79, 94, 100, 102, 104, 114, 122, 128, 133, 138}
973 {144}
975 {83, 84, 91, 93, 97, 105, 116, 133, 135, 137, 138, 147}
976 {135, 136, 148, 150}
977 {82, 93, 95, 102, 112, 114, 119, 125, 128, 133, 145, 148, 153, 156}
978 {88, 97, 98, 112, 127, 136, 145, 146, 148, 154, 155, 156}
979 {78, 112, 143}
980 {121, 152}
981 {82, 83, 85, 95, 105, 107, 118, 123, 130, 135, 139, 143, 144, 145, 150, 154, 158}
982 {80, 81, 82, 85, 88, 89, 90, 94, 98, 102, 110, 112, 117, 126, 131, 133, 136, 146, 148, 149, 151, 152, 153, 157}
983 {105}
984 {84, 104}
986 {88, 99, 114, 154, 155}
989 {80, 83, 100, 115, 121, 127, 154}
992 {124, 134}
995 {85, 106, 116, 119, 122, 125, 130, 131, 136, 148, 149}
996 {98, 126, 133, 143, 156}
997 {90, 113, 118, 124, 143}
999 {90, 98, 123, 128, 136}
1000 {121}
1001 {85, 89, 98, 112}
1002 {90, 151}
1003 {89, 90, 92, 99, 101}
1005 {136}
1006 {84, 88, 99, 119, 124, 128, 140, 144, 146, 147, 151}
1007 {85, 89}
1008 {145}
1014 {136, 157}
1015 {95}
1018 {127, 144}
1019 {82}
1020 {132}
1022 {106, 121, 130, 134, 151, 153, 157}
1023 {112, 113, 138, 145}
1025 {82, 120}
1026 {158}
1027 {81, 84, 85, 92, 97, 108, 113, 119, 124, 127, 133, 135, 138, 139, 140, 141, 143, 147, 148, 150, 151, 154}
1029 {84, 101, 125, 128, 140, 142, 144, 150}
1032 {84}
1033 {86, 96, 100, 102, 104, 108, 113, 119, 122, 123, 130, 133, 134, 144, 151, 155}
1034 {128, 129, 140}
1035 {125}
1037 {104, 106, 125, 150, 151, 155}
1038 {81, 82, 119, 125, 129, 151, 155}
1039 {79, 80, 81, 88, 90, 101, 107, 109, 111, 117, 125, 131, 134, 136, 139, 141, 147, 148, 151, 155, 156, 157}
1040 {93, 116, 122}
1041 {82, 95, 102, 113, 120, 139, 140, 145}
1042 {88, 92, 95, 108, 120, 130, 136, 150}
1043 {108}
1044 {97, 99, 107, 108, 116, 125, 148}
1045 {116, 125, 144}
1046 {113, 125, 157}
1047 {90, 111, 113, 125, 141, 145, 155}
1048 {80, 81, 82, 84, 85, 94, 95, 97, 98, 99, 100, 104, 106, 108, 110, 112, 113, 114, 116, 123, 125, 126, 134, 135, 141, 142, 146, 147, 148, 153, 157}
1049 {88, 89, 97, 99, 106}
1050 {82, 95, 96, 99, 157}
1053 {111, 135, 136, 145, 149}
1054 {90, 95, 145}
1055 {141}
1058 {140, 142}
1059 {90, 93, 95, 100, 134, 142, 150, 154}
1060 {79, 95, 112, 134, 138, 144}
1061 {136}
1062 {99, 139}
1063 {125}
1064 {98, 114, 125, 130, 138, 148, 152}
1065 {122, 125, 129, 146, 148}
1066 {125, 148}
1067 {82, 85, 97, 99, 125, 128, 145}
1068 {125}
1069 {125}
1070 {97, 125, 157}
1071 {125}
1072 {125, 134, 145}
1073 {99, 112}
1074 {85, 95, 99, 100, 111, 128, 130, 133, 150, 156}
1075 {88, 89, 101, 102, 104, 107, 116, 124, 125, 139, 144, 147, 148, 154, 156}
1076 {125}
1077 {79, 89, 125}
1078 {79, 89, 90, 93, 98, 108, 110, 112, 114, 116, 138, 148, 158}
1079 {79, 117, 120, 125, 148}
1080 {125}
1081 {92, 93}
1084 {93, 107, 134, 157}
1085 {133, 148}
1087 {95, 99, 100, 110, 114, 122, 129, 132, 134, 141, 142, 144, 152}
1089 {89, 127, 141}
1090 {78, 92, 125}
1091 {125}
1092 {96, 121, 125, 135, 139}
1093 {125}
1096 {119}
1099 {102, 113, 136}
1100 {80, 81, 86, 90, 105, 142, 153}
1103 {148}
1104 {143}
1105 {126}
1108 {114, 136}
1110 {107, 108, 153}
1112 {79, 81, 84, 88, 90, 99, 101, 104, 110, 111, 114, 118, 121, 140, 142, 148}
1114 {78, 81, 88, 97, 100, 104, 112, 130, 144}
1116 {127, 148}
1117 {101, 127}
1118 {99}
1119 {99}
1121 {125, 149}
1124 {79, 81, 84, 87, 98, 103, 109, 128, 132, 133, 135, 146, 152, 154, 157}
1125 {91, 101}
1127 {138}
1128 {84, 101, 115, 150}
1129 {81, 93, 94, 99, 107, 108, 113, 125, 128, 135, 143, 145, 154, 155, 156}
1130 {81, 85, 97, 99, 116, 124, 128, 129, 141, 144, 145, 151, 155, 156}
1131 {88, 102, 115, 122, 146}
1133 {87}
1135 {84, 87, 93, 98, 104, 105, 114, 116, 123, 127, 135, 143, 149}
1137 {144}
1139 {79, 84, 85, 95, 106, 142, 143}
1140 {84, 150, 152, 153}
1143 {106, 108, 121, 129, 138, 151, 152}
1144 {85, 99, 106, 119}
1145 {106, 108, 129, 145, 149}
1146 {85, 140}
1147 {88, 131, 141}
1148 {102, 112, 116}
1149 {108, 132}
1151 {124}
1152 {129, 133}
1153 {87, 103, 107, 119}
1154 {89, 102, 136}
1155 {96, 119, 131, 152}
1156 {85, 88, 112, 121, 132, 134, 135, 144, 148, 150}
1157 {100, 119, 121, 123, 134, 144, 152}
1158 {102}
1159 {98, 99, 100, 106, 110, 112, 114, 121, 122, 124, 133, 135, 138, 140, 148, 151, 153}
1160 {103}
1163 {95, 114, 126}
1164 {81, 112}
1165 {96}
1166 {81, 85, 96, 97, 98, 99, 108, 110, 112, 115, 121, 126, 130, 135, 138, 148, 151, 152, 153}
1168 {129, 131}
1171 {87, 103}
1175 {79, 82}
1176 {98, 112, 119, 129}
1178 {145}
1179 {80, 84, 85, 89, 111, 121, 130, 142, 148}
1181 {102, 134, 136}
1184 {100, 133, 146}
1185 {101, 115, 133, 150}
1186 {110, 126, 147}
1187 {88, 120, 123, 133, 147}
1188 {94, 97, 105, 114, 116, 130, 133, 141, 150}
1189 {85, 91, 92, 95, 106, 108, 111, 119, 121, 135, 138, 148, 149, 151}
1191 {98, 101, 115, 121}
1194 {81, 87}
1201 {92, 99, 147, 156, 157}
1202 {83, 92, 99, 101, 122, 130, 136, 143}
1203 {82, 126, 133, 146}
1210 {98, 108, 112, 151}
1213 {85, 112}
1218 {79, 82, 84, 86, 92, 93, 95, 96, 108, 109, 110, 112, 124, 129, 130, 134, 137, 138, 145, 146, 147, 148, 153, 158}
1219 {79, 106}
1220 {95, 100, 101, 104, 106, 108, 114, 118, 120, 139, 144, 150, 156}
1223 {81, 152}
1227 {90, 113}
1230 {84, 99, 115, 119, 135, 157}
1232 {84, 85, 100, 113, 142, 158}
1233 {83, 84, 89, 91, 96, 98, 123, 133, 136, 140, 141, 143, 144, 153, 158}
1234 {97, 98, 99, 114, 128, 130, 137, 141, 144, 149}
1235 {141, 146}
1242 {83, 88, 98, 108, 128, 130, 138, 144, 145, 151, 152}
1243 {133}
1246 {81, 92, 96, 98, 102, 112, 114, 137}
1247 {93, 111, 143, 149, 155}
1248 {79, 112, 124, 133, 134, 147, 148}
1249 {92, 97, 100, 105, 106, 112, 114, 124, 128, 130, 137, 138, 143, 144, 152}
1250 {84, 150}
1252 {145}
1253 {95, 101, 141, 150, 154}
1254 {115}
1255 {97, 156}
1259 {80, 88, 111, 119, 126, 156}
1261 {149}
1263 {129, 157}
1265 {82, 84, 87, 90, 96, 105, 110, 120, 122, 146}
1266 {111, 149}
1267 {111, 149}
1268 {90, 113, 134, 142}
1270 {116, 124}
1274 {111}
1275 {111, 149}
1278 {111, 134, 149}
1279 {90}
1280 {82, 133, 149}
1282 {85, 88, 100, 108, 130, 135}
1284 {82}
1285 {134}
1287 {111}
1288 {100, 110, 135, 147, 151}
1291 {116, 128}
1292 {82}
1298 {115, 122, 152}
1299 {81, 85, 86, 94, 101, 102, 105, 110, 121, 141, 147, 153}
1300 {84, 93, 110}
1302 {146, 152}
1303 {85, 91, 99, 115, 158}
1304 {91, 110}
1305 {149}
1310 {98, 109, 142, 148, 154}
1312 {110}
1313 {131}
1317 {81, 95, 97, 99, 101, 107, 108, 114, 116, 119, 128, 129, 141, 145, 150, 154, 155, 156}
1318 {83}
1322 {117, 126, 150}
1324 {120, 138, 153, 157}
1325 {86, 108, 147, 153}
1326 {90}
1330 {99, 103, 138}
1333 {111}
1334 {111, 135, 138, 148}
1335 {84, 111, 134}
1339 {111, 152}
1341 {82, 101, 114, 124, 147}
1342 {151}
1343 {117, 132, 133}
1345 {102, 109, 129}
1347 {90, 94, 95, 100, 102, 112, 121, 123, 128, 135, 146, 148}
1348 {79, 138}
1349 {96}
1350 {110, 144}
1352 {108, 116, 136, 145, 153, 158}
1354 {152}
1355 {110, 138, 144, 147}
1359 {85, 91}
1360 {90, 102, 117}
1361 {92, 95, 121, 128, 129}
1366 {134}
1371 {85, 97}
1373 {111, 149}
1375 {92, 119, 135}
1376 {134}
1378 {81, 90, 91, 97, 121, 126, 131, 133}
1379 {96, 132, 133, 149}
1381 {106}
1382 {90}
1384 {84, 90, 98, 111, 138}
1385 {89, 92, 93, 95, 98, 99, 101, 107, 112, 124, 128, 131, 136, 144, 147, 150}
1388 {83, 105, 146}
1389 {83, 92, 133, 146}
1390 {83, 92, 133, 146}
1391 {83, 92, 133, 146}
1392 {83}
1393 {83, 92, 133, 146}
1394 {104}
1395 {83}
1396 {126, 135, 152}
1398 {86, 92}
1399 {79, 80, 83, 87, 105, 130, 133, 146}
1400 {85, 96, 107, 124, 125, 128, 129, 130, 141, 150, 151, 154, 155, 156}
1401 {83, 86, 92, 97, 103, 107, 108, 110, 126, 133, 135, 141, 146}
1402 {83, 110, 121, 146, 153, 157}
1403 {88, 97, 110, 120, 144}
1405 {106, 143}
1406 {83, 126, 146}
1407 {80}
1408 {90, 126, 155}
1409 {106}
1410 {105, 110}
1411 {83, 92, 130, 133, 146}
1412 {82, 83}
1413 {150}
1414 {79, 80, 84, 92, 105, 108, 130, 146}
1415 {146}
1416 {129, 146}
1417 {82, 95, 97, 98, 99, 107, 116, 119, 126, 128, 133, 134, 141}
1418 {94, 131}
1419 {83, 92, 133, 146}
1420 {83}
1421 {136}
1423 {100, 102, 108, 134, 145, 147}
1424 {82, 96}
1425 {78, 81, 83, 133, 146}
1426 {78, 81, 83, 93, 104, 105, 110, 117, 121, 130, 131, 138, 141, 146, 147, 151}
1427 {83, 91, 97, 102, 110, 137, 140, 146, 154}
1428 {85, 102}
1429 {111, 146}
1432 {131}
1433 {91, 109, 122}
1434 {85, 88, 99, 113, 133, 146, 149}
1435 {130}
1436 {95, 147}
1437 {119, 146}
1438 {86, 90, 96, 113, 119, 120, 124, 133, 134, 136, 146, 147, 148, 156}
1439 {79, 80, 143}
1440 {83, 88, 154}
1441 {103, 120, 151}
1442 {91}
1443 {85, 86, 88, 91, 96, 100, 102, 119, 122, 132, 133, 136, 144, 147, 151, 156}
1444 {83, 93, 113, 124}
1445 {139}
1446 {96, 119}
1447 {85, 88, 123, 148}
1448 {90, 99, 108, 113, 156}
1450 {80, 92, 105, 128, 132, 135}
1452 {79, 98, 137, 142, 143, 158}
1453 {83, 133, 157}
1454 {83, 100, 108, 133}
1456 {134, 149, 152, 157}
1457 {79, 94, 105, 117, 128, 129, 135, 140, 158}
1458 {110}
1459 {125, 140, 142}
1460 {85, 95, 144, 149, 150, 153}
1462 {84}
1465 {106}
1467 {85, 96, 102, 116, 139, 144, 148}
1468 {98, 100, 135, 144}
1469 {121, 153}
1470 {99}
1471 {131}
1473 {82, 102, 116, 123, 146, 148}
1474 {79, 81, 95, 97, 100, 136, 155}
1475 {79, 80, 98, 106, 112, 123, 141, 142}
1476 {128}
1477 {79, 80, 104}
1478 {79}
1479 {80}
1480 {81, 84, 106, 141}
1482 {81, 115, 117, 135, 154}
1483 {127, 155}
1485 {89, 116}
1486 {79}
1487 {101}
1488 {100, 107, 118, 124, 127, 130, 134, 138, 148}
1489 {79, 80, 84, 92, 96, 103, 110, 111, 112, 133, 136, 138, 140, 142, 149, 157}
1490 {84, 89, 97}
1492 {90, 93, 102, 148}
1493 {79, 145, 149, 158}
1494 {81, 87, 88, 89, 90, 92, 93, 109, 110, 114, 130, 144}
1495 {119, 144}
1496 {81, 106, 127, 129, 153}
1497 {84, 95, 98, 99, 103, 114, 145, 158}
1498 {113, 123, 138}
1499 {99}
1500 {81, 94, 114, 116, 128, 129, 141, 143, 155}
1501 {78, 97, 104, 107, 150, 154, 155}
1502 {79, 96, 130, 133}
1503 {148}
1504 {93, 113, 114, 136}
1505 {79, 83, 85, 133, 144, 156}
1507 {88, 101, 133, 145}
1508 {98, 119, 120, 123, 136, 148}
1509 {79, 85, 90, 95, 116, 122, 126, 133, 148}
1510 {101, 115}
1513 {81, 95, 97, 104}
1515 {85, 154}
1516 {79, 84, 107, 135, 140, 141, 152}
1517 {97, 98, 106, 108, 112, 114, 130, 133, 142, 153}
1518 {80, 82, 85, 92, 127, 130}
1519 {115, 125, 148}
1521 {87, 114, 123}
1523 {102, 109, 147}
1524 {118}
1525 {112, 141, 158}
1527 {136}
1528 {104, 123}
1530 {85, 98, 123}
1532 {81, 99, 106, 113, 120, 127, 133, 141, 143, 149, 150, 151}
1533 {83, 88, 95, 120, 142, 150}
1534 {153}
1536 {80, 83, 126}
1537 {82, 111, 149}
1538 {85, 92, 102, 105, 111, 130, 144, 149}
1540 {85}
1542 {85, 106, 108, 119, 121, 135, 145, 148, 151, 153}
1543 {81}
1544 {81, 85, 97, 98, 100, 106, 108, 112, 135, 138, 140, 145, 148, 151}
1545 {102, 119, 121, 131, 135, 153}
1546 {82, 111, 149}
1547 {89, 107, 108, 142, 150, 153}
1548 {98, 102, 126, 129, 130, 136, 144, 146, 153}
1549 {99, 113, 115, 129, 136, 141, 147}
1551 {78, 94, 95, 97, 98, 124, 126, 128, 146, 156}
1553 {81}
1554 {96}
1555 {78, 127}
1556 {88, 97, 99, 101, 105, 124, 128, 143, 152, 155}
1557 {98, 138}
1559 {82}
1560 {79, 80, 101, 104}
1564 {81, 97, 99, 100}
1566 {133, 154}
1568 {102, 122}
1569 {120}
1570 {95, 115, 137, 142}
1571 {149}
1572 {110}
1573 {102, 110, 115, 157}
1575 {87, 123, 126}
1576 {81}
1577 {85, 97, 99, 108, 114, 119, 124, 126, 135, 145, 148, 151}
1578 {112, 144}
1582 {79, 82, 84, 87, 112, 114, 118, 134, 136, 141, 147, 156, 157}
1585 {116, 128}
1586 {81, 105}
1587 {81}
1588 {153}
1589 {99, 106, 120, 126}
1592 {83, 146, 153}
1594 {111}
1595 {114, 133, 142, 148}
1596 {115}
1598 {90, 107, 119, 122, 127, 153, 155}
1599 {95, 101, 108, 144, 146}
1600 {81, 96}
1601 {156}
1602 {153, 158}
1603 {80}
1604 {91}
1605 {90, 91, 93, 116, 153}
1607 {78, 84, 90, 91, 92, 98, 100, 102, 106, 115, 121, 145, 147, 148}
1608 {82}
1611 {119}
1613 {81}
1614 {81}
1617 {114, 149}
1618 {80, 81, 90, 144}
1620 {128}
1621 {86, 141}
1622 {106}
1623 {131}
1627 {89, 131}
1628 {88, 131}
1629 {136}
1630 {140}
1633 {113, 142}
1638 {98}
1640 {79, 84, 88, 95, 107, 110, 146, 153}
1641 {96}
1643 {146}
1644 {144}
1646 {100}
1647 {102}
1649 {85, 106, 108, 111, 122, 157}
1650 {78, 83, 84, 111, 153, 158}
1652 {114}
1653 {92, 96, 110, 121, 129, 136, 153}
1654 {119}
1655 {104}
1656 {93, 121, 125, 138, 153, 157}
1658 {119}
1659 {119}
1660 {95}
1661 {81, 88, 116, 121}
1662 {99, 114, 132, 155}
1664 {153}
1666 {79, 103, 106, 109, 120, 124, 147}
1667 {79, 85, 90, 92, 99, 102, 108, 111, 122, 130, 157}
1668 {100, 127, 150}
1669 {95, 99, 101, 118, 120, 142, 144, 145, 150}
1670 {119, 121}
1671 {84, 117, 132, 152, 157}
1672 {92, 95, 104, 106, 107, 112, 129, 136}
1673 {90, 94, 95, 108, 113, 118, 152}
1674 {94, 119, 120, 127}
1675 {93, 98, 108, 113, 119, 145, 151, 156}
1682 {84, 157}
1684 {119, 124}
1685 {83, 84, 124, 138, 143, 144, 149, 153, 155}
1688 {84, 88, 93, 98, 99, 102, 106, 108, 125, 128, 129, 135, 150, 156}
1691 {140}
1692 {86, 112, 131}
1694 {93, 96, 101, 102, 109, 110, 111, 116, 124, 128, 129, 144, 146, 153}
1696 {88, 97}
1697 {86, 121, 131}
1703 {124}
1705 {92, 104, 119, 136, 144}
1706 {84, 88, 91, 112, 113, 114, 119, 122, 128, 129, 132, 135, 139, 142, 144, 147}
1707 {88, 99, 106, 145}
1708 {121}
1709 {90, 101, 102, 113, 114}
1710 {81, 94, 118}
1711 {98, 102}
1713 {82, 136}
1714 {136}
1715 {82, 129}
1716 {91, 138}
1717 {101, 104, 119, 123, 146}
1719 {91, 94}
1721 {94, 109, 127}
1723 {85, 108, 114, 119, 121, 126, 145, 148, 151}
1728 {120, 156}
1729 {120, 123, 141}
1732 {143}
1734 {104, 106}
1740 {82, 84, 87, 93, 94, 104, 107, 114, 116, 153, 154, 155, 158}
1741 {85, 99, 135, 137}
1742 {87, 105, 123}
1744 {81, 97, 107, 125, 141, 143}
1746 {120}
1747 {92}
1748 {82, 105, 109, 147}
1751 {86, 131, 133, 150}
1753 {82, 98, 100, 114, 127, 130, 131, 134, 135, 142, 145, 149, 154, 158}
1754 {80, 88, 90, 125, 133, 140, 145, 154}
1759 {140}
1760 {98, 112}
1762 {99}
1765 {85, 102, 106, 118, 133, 150}
1767 {132}
1768 {85, 125, 150}
1770 {84, 91, 92, 106, 133, 135, 145}
1771 {80, 84, 101, 113, 124, 134, 137, 144, 148}
1772 {83, 99, 108, 135, 142}
1773 {136, 142}
1775 {93, 113, 123, 128, 142, 144, 154}
1776 {84, 97, 101, 104, 108, 114, 156}
1782 {114, 117, 126, 140}
1783 {97, 113, 122, 128, 130}
1785 {152}
1786 {89, 95, 101, 104, 113, 127, 140, 143, 145, 150, 155}
1787 {89, 91, 93, 112, 136, 154}
1789 {119}
1790 {85, 138}
1791 {79, 80, 82, 97, 111, 135, 138, 154}
1793 {132}
1795 {95, 100, 110, 130}
1796 {108, 138, 152, 156}
1801 {87, 97, 98, 101, 103, 112, 129, 130, 144, 148, 150}
1803 {78, 94, 97, 99, 107, 133, 158}
1806 {97}
1812 {131, 150, 152, 157}
1814 {88, 96, 132, 157}
1816 {98}
1817 {82, 121}
1820 {102, 133}
1821 {138, 152}
1823 {83, 89, 95, 110, 133, 135}
1824 {106}
1826 {101, 105, 116, 124, 129, 139, 142, 149}
1830 {95, 98, 110, 117, 137, 149}
1831 {105, 133}
1832 {104, 105, 141}
1836 {79, 97}
1837 {88, 106, 117, 123, 139, 144, 150}
1838 {91, 123, 130, 152, 154}
1839 {84, 104, 122, 150}
1843 {82, 90, 122, 150, 153}
1844 {82}
1846 {120}
1848 {128, 130}
1849 {92, 146}
1850 {80, 105, 133}
1851 {90, 104, 114, 124, 125, 130, 133, 145, 148, 150}
1852 {79, 80, 96, 99, 106, 124}
1854 {139}
1855 {155}
1856 {134}
1857 {105, 130, 146, 157}
1858 {127}
1862 {79, 91}
1865 {95, 141}
1867 {117, 158}
1868 {79, 84, 89, 101, 104, 121, 128, 129, 157}
1870 {78, 94, 119}
1871 {101, 157}
1872 {82}
1873 {119, 121}
1876 {91, 133, 141}
1879 {80, 83, 105, 114, 126, 128, 141}
1882 {111}
1883 {136}
1885 {86, 91, 110, 121, 153}
1886 {157}
1887 {121, 130, 158}
1888 {111}
1889 {143}
1890 {88}
1891 {88}
1892 {81, 86, 88, 91, 93, 96, 105, 120, 129, 141, 154}
1893 {88, 125, 136}
1894 {117, 136, 152, 156}
1895 {108, 124, 141}
1897 {81}
1898 {81, 107, 130, 141}
1899 {87, 104, 150, 158}
1900 {88, 97, 101, 106, 110, 124}
1901 {154}
1902 {85, 126}
1903 {126}
1904 {95, 104, 121, 132, 133, 150, 152, 156}
1905 {152}
1906 {80}
1908 {86, 112}
1909 {96, 122}
1913 {152}
1915 {80}
1918 {96, 122, 144, 151}
1919 {93, 124, 143}
1920 {112, 120, 157}
1922 {156}
1926 {96}
1927 {95}
1929 {92, 104, 116, 120, 123, 130, 133, 135, 153}
1931 {89, 119}
1934 {92, 112, 126, 128, 133, 146, 147}
1935 {122}
1939 {90, 110}
1942 {82, 95, 96, 153}
1944 {119}
1945 {122}
1946 {129}
1948 {131}
1950 {124}
1951 {152}
1955 {122}
1957 {119, 121, 137}
1958 {115, 145}
1961 {80, 112, 121, 138, 152}
1963 {87, 90, 116, 133, 137}
1966 {84, 150}
1967 {84, 86, 110, 121}
1968 {86, 152}
1969 {86, 96, 131}
1970 {86, 121}
1971 {82, 87, 106}
1972 {103}
1973 {79, 88, 158}
1974 {98, 145, 150}
1976 {87}
1978 {106}
1979 {79, 81, 82, 89, 93, 97, 98, 103, 106, 112, 116, 122, 123, 125, 134, 135, 138, 140, 145, 147, 150, 156, 157, 158}
1982 {81, 98, 99, 102, 126, 138, 141, 148, 157}
1983 {94, 124}
1984 {81, 120, 136, 141, 143, 149}
1985 {92}
1993 {112, 117, 152}
1994 {93, 141}
1997 {88}
2001 {114, 133, 148}
2005 {119, 124, 138, 143}
2006 {129}
2008 {110}
2012 {108, 142, 157}
2015 {91, 101, 148, 153, 157}
2016 {87, 126}
2020 {106, 108}
2022 {91}
2024 {89}
2025 {106, 152}
2027 {92}
2028 {89, 91, 128, 146, 157}
2032 {138}
2035 {150}
2036 {146}
2039 {116, 122, 135, 151, 152, 155, 157}
2040 {131, 153}
2044 {127, 148}
2046 {92}
2047 {150}
2050 {133, 146}
2052 {119, 152}
2054 {88, 109, 129}
2057 {80, 149}
2059 {90, 99, 116, 149}
2061 {82, 84, 98, 149}
2062 {138}
2063 {86, 106, 120, 130}
2064 {82}
2067 {91, 111}
2068 {89}
2069 {108}
2070 {80, 103, 111, 149}
2073 {110, 121, 138}
2074 {95, 101, 147}
2075 {153}
2077 {95, 101, 102}
2078 {82}
2079 {124}
2080 {124}
2082 {108, 140, 145, 147}
2083 {86, 92}
2084 {85, 89, 104, 131, 144}
2086 {118, 148}
2087 {109}
2092 {109}
2094 {94, 101, 129, 145, 147}
2097 {149}
2099 {102}
2101 {88, 97, 157}
2105 {80, 105, 117, 121, 132, 145, 158}
2109 {110, 121, 133, 148, 153}
2112 {82, 140}
2115 {84, 105, 136}
2118 {137}
2122 {79, 99, 141, 143, 149, 150}
2123 {111}
2126 {90}
2127 {78, 88, 149, 153}
2129 {80, 124, 126}
2130 {80, 97, 122, 124, 158}
2132 {117, 132}
2135 {124, 141}
2136 {90, 98, 108, 114, 152}
2137 {134}
2138 {95}
2140 {84, 85, 88, 104, 106, 112, 114, 117, 118, 131, 132, 141, 147, 149}
2141 {135}
2142 {151}
2144 {121, 152}
2145 {103, 104, 144}
2146 {111}
2148 {87}
2149 {90, 142}
2152 {81, 82, 109, 128, 132}
2154 {79}
2160 {99, 156}
2161 {81, 83, 93, 96, 97, 103, 122, 147, 149}
2162 {142}
2163 {90, 96, 107, 110, 111, 118, 133, 138, 141, 142}
2164 {80, 147}
2168 {92, 106, 107, 111, 140, 142, 149}
2169 {79}
2170 {80, 84, 86, 88, 89, 100, 101, 144, 152}
2171 {84, 102}
2172 {82, 89, 126, 144, 153}
2173 {79, 92, 133}
2175 {110, 128, 157}
2178 {80, 126}
2179 {110}
2180 {114, 131, 146}
2181 {110}
2184 {111, 130}
2185 {95, 108, 123, 125, 135, 138, 155}
2186 {122}
2192 {149}
2194 {110, 116, 153}
2197 {97, 99, 101, 108, 117, 152}
2203 {99}
2204 {86}
2206 {90, 107, 110, 153, 157}
2207 {102, 110, 121}
2209 {153}
2210 {98, 110, 112, 113, 145, 157, 158}
2215 {102}
2216 {152}
2217 {99, 108, 135, 145}
2220 {92, 99, 130, 143, 152}
2221 {92, 102, 116, 123, 134}
2223 {96, 157}
2224 {121, 153, 157}
2229 {136}
2230 {95, 104}
2231 {102, 150}
2232 {112}
2235 {126}
2237 {156}
2238 {97, 102, 108, 112, 130, 144}
2239 {84}
2242 {80, 95, 131}
2243 {89, 135}
2245 {154}
2246 {81, 84, 87, 97, 103, 121, 128, 132, 147}
2248 {90, 91}
2250 {141}
2251 {89, 92, 96, 104, 111, 116, 127, 139, 152}
2258 {122}
2259 {122}
2260 {122}
2261 {83, 91, 103}
2262 {81, 98, 108, 110, 112, 119, 121, 135, 137, 141, 153, 157}
2264 {88, 121}
2265 {91, 104, 149}
2266 {85, 113, 118, 150}
2268 {114, 116, 132}
2271 {96}
2272 {84, 86, 90, 95, 110, 114, 124, 128, 130, 134, 150}
2278 {140}
2280 {81, 97, 99, 114, 145}
2283 {88, 99, 111, 120, 124, 128, 139, 143, 149}
2284 {98}
2287 {89, 120}
2288 {80, 81, 153}
2289 {97, 100, 106, 108, 114, 124, 145, 148, 151}
2293 {80, 105, 133}
2294 {80, 137}
2295 {102, 132}
2296 {131}
2301 {146}
2302 {135}
2308 {150}
2310 {92, 97, 98, 99, 100, 111, 112, 135, 152, 154}
2311 {93}
2312 {80, 105, 133}
2315 {121}
2317 {133}
2321 {104}
2323 {102, 130, 137, 151}
2326 {121}
2327 {102, 133, 136}
2328 {82}
2333 {91, 108, 121}
2340 {153}
2341 {87}
2343 {109, 145}
2344 {108, 152}
2348 {82, 90, 103}
2350 {81, 98, 124}
2351 {81, 97, 141, 154}
2354 {102, 121, 153, 157}
2355 {84, 95, 101, 104, 127}
2356 {93, 98, 102, 107, 112, 123, 136}
2360 {112, 129, 131, 144, 147}
2363 {87}
2364 {85, 99}
2367 {87, 119, 136, 141, 148}
2369 {90, 105, 144}
2370 {99, 111}
2371 {83, 133, 150}
2375 {85, 99, 112}
2378 {99, 116}
2380 {83, 141, 153}
2381 {109, 117}
2385 {86, 101, 146}
2386 {87}
2387 {82, 103}
2389 {100}
2391 {87}
2393 {149}
2394 {133}
2395 {80}
2396 {101, 104, 125, 128, 133, 140, 150, 155, 157}
2397 {88, 139}
2398 {82, 126}
2400 {108, 133, 152}
2401 {87, 103, 158}
2403 {138}
2405 {87}
2406 {82}
2412 {82, 106, 133}
2413 {115, 120}
2414 {98, 106, 114, 147}
2418 {119, 147, 152}
2419 {85, 131, 136, 150, 152, 158}
2420 {88, 111}
2421 {131}
2425 {85, 95, 107, 118}
2428 {96}
2429 {82, 88, 89, 96}
2434 {142}
2441 {98, 107, 109, 114, 123, 134, 141, 146}
2442 {86, 90, 108, 129}
2443 {83, 123}
2444 {88, 152}
2445 {88}
2446 {88, 131, 152}
2447 {88}
2449 {141, 157}
2452 {115, 150}
2454 {88}
2455 {88}
2456 {153, 157}
2457 {86, 88, 142, 150}
2459 {86, 95, 152, 153, 157}
2462 {96, 117, 132, 137, 141}
2463 {135, 138}
2464 {88}
2469 {86}
2470 {144, 152}
2472 {131}
2474 {86, 92, 104, 136}
2477 {91, 110, 157}
2479 {99, 127, 139, 143}
2480 {144}
2482 {133}
2487 {121}
2489 {88, 152}
2490 {98, 128, 129, 133}
2493 {88, 153, 157}
2498 {117, 137, 150}
2505 {88}
2509 {80, 82, 84, 85, 98, 105, 107, 108, 121}
2515 {82}
2517 {121, 153}
2522 {110}
2528 {84, 89, 90, 112, 133, 144, 156}
2534 {120}
2536 {150}
2537 {80, 95, 96, 115, 152, 153}
2539 {80, 88, 89, 102, 109, 127, 128}
2541 {129}
2542 {85, 97, 99}
2544 {120, 129, 150, 156}
2545 {139, 144}
2551 {115}
2553 {79, 80, 88, 90, 94, 104, 105, 110, 134, 152}
2554 {91}
2555 {80, 84, 87, 114, 128, 133, 136, 145}
2556 {155}
2557 {99, 124, 128, 129, 135, 138}
2558 {115}
2560 {105}
2562 {82, 131}
2563 {99}
2564 {80, 93, 99, 119}
2565 {87}
2568 {99, 123, 134}
2569 {129}
2570 {88, 93, 134}
2572 {88}
2574 {95, 117, 129, 133, 144, 145, 150}
2577 {126}
2580 {82, 96, 102, 106, 126, 137}
2581 {83, 115}
2583 {85, 98, 114, 135, 139, 144, 147}
2584 {121}
2585 {101, 110, 115, 120, 131, 153}
2586 {98, 112, 114, 129, 138}
2587 {110, 157}
2588 {110, 157}
2589 {110, 157}
2590 {110, 137}
2591 {110, 121, 153, 157}
2592 {80, 83, 92, 114, 133}
2595 {110, 144, 153, 157}
2596 {110, 148, 153, 157}
2597 {110}
2602 {83, 90}
2604 {137}
2606 {95, 116}
2611 {110}
2612 {110, 121, 153}
2613 {110, 121, 153, 157}
2614 {110, 121, 153, 157}
2615 {110, 121, 153, 157}
2617 {126, 128, 152}
2618 {110, 122, 157}
2619 {110, 112, 114, 128, 138, 157}
2620 {102, 110, 157}
2621 {99, 110, 121}
2622 {110, 128, 137, 157}
2623 {110, 121}
2624 {102, 122}
2625 {110}
2626 {141}
2627 {110, 122, 154}
2630 {149}
2632 {110, 147, 153}
2635 {102, 131}
2636 {79}
2637 {157}
2638 {110, 153, 157}
2639 {92, 104, 110, 122, 131, 153, 156, 157}
2640 {82, 120, 129, 148}
2641 {146}
2642 {99, 110, 116, 120, 136, 145, 151, 152}
2643 {80, 105, 114, 138, 141, 149}
2646 {83}
2648 {133}
2654 {126}
2655 {117, 132, 152}
2660 {82, 104, 150}
2663 {113, 120}
2665 {127}
2669 {101, 136}
2670 {116, 125, 151}
2671 {119}
2674 {89, 110}
2676 {90}
2677 {95}
2678 {152}
2680 {82}
2682 {81}
2685 {96, 110}
2686 {107, 155}
2687 {156}
2688 {85}
2690 {110, 153, 157}
2692 {98, 112, 135, 157}
2699 {121}
2702 {85, 152}
2703 {110}
2709 {80, 87, 108, 138, 145}
2713 {127}
2714 {80, 95, 142, 147, 150}
2715 {152}
2717 {155}
2722 {81}
2723 {158}
2726 {80, 95, 101, 109, 114, 141, 150}
2727 {95, 103}
2728 {87}
2730 {91}
2732 {154}
2736 {87}
2737 {99, 154}
2738 {79, 114}
2740 {84, 89, 114, 117, 126}
2743 {82}
2744 {85, 105, 116}
2745 {95, 99}
2747 {150}
2749 {135}
2751 {84, 95, 149}
2752 {101}
2754 {87, 103, 143}
2755 {104}
2756 {95, 98, 104, 114, 138, 142, 150, 154}
2758 {120, 144, 152}
2759 {150}
2760 {124, 126, 142}
2763 {133}
2764 {99}
2766 {87}
2767 {85, 99, 100, 106, 108, 114, 140}
2769 {129}
2770 {82, 144}
2771 {89, 104, 110, 115, 153}
2773 {125, 149}
2775 {98, 112}
2776 {81, 94, 114, 124, 135, 143}
2778 {79, 93, 94, 127}
2783 {100}
2785 {117, 137}
2786 {88}
2787 {88, 143}
2788 {96, 98}
2789 {85, 149}
2790 {108, 127, 128, 131, 141, 142, 143, 151}
2791 {84, 144}
2793 {114}
2794 {90, 98, 112, 136, 138, 154}
2795 {121}
2796 {93, 110, 123, 150, 154}
2797 {88, 139}
2798 {81, 97, 99, 114, 128, 145}
2799 {84, 89, 92, 95, 97, 104, 110, 121, 133, 157}
2800 {131, 139, 148}
2809 {90}
2811 {90, 154}
2812 {106, 117, 132, 144, 153}
2814 {102, 124, 148}
2815 {81}
2816 {115, 156}
2817 {79, 80, 97, 143}
2818 {85, 99, 108, 135}
2822 {81, 152}
2826 {105}
2827 {105}
2828 {85, 99, 105, 133}
2829 {99}
2832 {152}
2834 {99, 145}
2836 {81, 88, 116, 138, 140, 155, 157}
2837 {127, 135, 154, 158}
2840 {82, 86}
2841 {136}
2842 {138, 152}
2844 {88, 107, 127, 128, 155}
2845 {89, 110, 144, 157}
2851 {110, 115, 121, 129}
2855 {124, 152}
2859 {122}
2860 {86, 95, 121, 153}
2864 {138}
2865 {109}
2869 {102}
2882 {106, 130}
2884 {119}
2886 {99}
2887 {120}
2890 {78, 108}
2891 {110}
2898 {152}
2899 {82, 127, 128, 129, 133, 135, 138, 141, 148}
2900 {152}
2901 {152}
2902 {82}
2905 {152}
2906 {152}
2909 {95, 104}
2911 {85}
2914 {113}
2921 {96, 151}
2925 {124}
2926 {152}
2928 {144}
2932 {94, 136, 150}
2937 {86, 91, 121}
2939 {106}
2949 {100, 108, 148}
2952 {141}
2953 {78, 116, 140, 145}
2954 {114, 124, 129, 140, 150}
2955 {121}
2963 {89}
2964 {84, 85, 102, 129, 135, 145}
2966 {85, 100, 149}
2974 {107}
2975 {85, 87, 98, 101, 102, 107, 123, 124, 127, 128, 135, 140, 141, 144, 147, 148}
2977 {110, 113, 133, 157}
2979 {102, 112, 115}
2980 {81, 128, 135}
2982 {107, 133}
2983 {97}
2984 {108}
2985 {97, 99}
2986 {139}
2991 {84, 88}
2992 {114, 131}
2994 {102, 115}
2996 {154}
2997 {95, 129}
2998 {95, 114, 139}
2999 {80, 109, 118, 123, 125, 126, 136, 150}
3000 {79, 84, 108, 142}
3001 {85, 98, 123, 142}
3002 {124, 152}
3003 {106, 131, 145}
3004 {85, 91, 97, 112, 132, 137, 148}
3007 {104}
3010 {105, 126}
3012 {95, 104, 130, 148, 150}
3014 {102}
3017 {152}
3019 {88, 123}
3020 {83}
3021 {111, 149}
3022 {117, 125, 152}
3023 {107}
3025 {83, 87, 103}
3026 {98, 112, 138}
3028 {87}
3030 {112}
3032 {86, 91, 102, 105}
3035 {153}
3042 {88, 92, 105, 107, 108, 112, 121}
3045 {142}
3046 {115, 121}
3048 {80, 81, 97, 108, 124, 126, 129, 154}
3050 {104, 112, 138, 150}
3053 {155}
3055 {106, 108, 111, 117, 132, 136, 138, 145}
3058 {95}
3059 {95}
3060 {108, 123}
3061 {78, 149}
3063 {91}
3066 {143}
3067 {143}
3068 {143}
3069 {114, 116, 118, 156}
3071 {89}
3072 {95}
3073 {128, 135}
3075 {138}
3076 {82, 86}
3078 {94, 110, 111, 116, 121, 151}
3079 {111}
3080 {95, 117, 140}
3081 {152}
3083 {91}
3084 {81, 155}
3085 {91, 95, 105, 107, 110, 122, 123, 126, 128, 132, 141, 143, 147, 148, 154, 155}
3086 {90}
3087 {90}
3088 {122}
3096 {83}
3097 {91}
3098 {102}
3100 {96}
3106 {129}
3107 {99}
3109 {157}
3110 {85, 90, 137}
3111 {90}
3112 {113}
3114 {141}
3116 {100}
3119 {148}
3120 {98}
3122 {130}
3123 {138}
3124 {90, 141}
3133 {117, 132}
3136 {141}
3139 {79, 112}
3141 {152}
3142 {153}
3146 {90}
3153 {79, 80, 84, 119, 134, 141}
3154 {96, 122, 124, 131, 155, 157}
3160 {93, 155}
3162 {139, 151}
3163 {114, 135, 151}
3164 {114, 116, 157}
3165 {106, 142}
3168 {143}
3169 {111, 149}
3170 {83}
3172 {83, 90, 104, 139}
3173 {115, 156}
3174 {79}
3175 {104, 150}
3176 {136}
3182 {90}
3183 {84}
3184 {79, 84, 101, 106, 133, 148}
3185 {148}
3187 {109, 142}
3188 {82, 121, 152}
3189 {103, 142}
3190 {87, 103, 110, 121, 153}
3194 {106, 112}
3195 {80}
3198 {103, 124, 126}
3199 {84, 111, 149}
3201 {84, 149}
3204 {101}
3205 {145}
3206 {95, 114, 123, 138, 144}
3208 {114, 131, 147}
3209 {100, 118}
3210 {102}
3212 {126}
3214 {87}
3215 {138}
3216 {141}
3217 {84, 90, 113, 141, 143, 158}
3221 {88, 108, 126, 131, 150}
3222 {87, 103}
3223 {87, 103}
3224 {111, 149}
3227 {83, 111, 127}
3230 {155}
3231 {138}
3232 {139, 155}
3233 {105, 144}
3234 {95, 106, 127, 145, 150}
3237 {134}
3243 {141}
3245 {88, 130}
3246 {106, 125, 130}
3247 {111}
3248 {111}
3251 {102, 143}
3253 {150}
3255 {154}
3258 {89, 126, 133, 155}
3260 {149}
3261 {110, 123, 129}
3263 {137}
3265 {89, 111, 149}
3266 {124, 143}
3268 {88, 99, 114, 155}
3271 {111}
3272 {82, 111, 149}
3275 {88, 92, 97, 147, 150, 154}
3277 {112, 118, 135, 141, 152}
3279 {85, 99, 108, 114, 123, 134, 157}
3282 {130, 137}
3283 {95, 132}
3284 {135, 151}
3285 {126}
3286 {152}
3287 {140}
3288 {130}
3289 {111, 149, 158}
3291 {117, 132}
3293 {119, 120, 130, 157}
3295 {130}
3296 {79}
3299 {135, 151, 158}
3301 {107}
3303 {88, 140}
3305 {110}
3306 {83, 102, 129, 149, 150}
3307 {101, 133}
3308 {144}
3310 {140, 146, 154}
3312 {130}
3313 {130, 149, 154, 158}
3317 {113, 117, 153}
3318 {130}
3320 {154}
3321 {85}
3322 {80, 95}
3327 {130}
3328 {130, 137}
3331 {99}
3332 {95, 149}
3333 {82, 97}
3337 {90, 95}
3338 {115}
3341 {136, 143}
3342 {90}
3343 {89, 90, 108, 110, 130, 150}
3344 {83}
3346 {89}
3348 {98, 157}
3350 {80, 105}
3369 {84, 129, 139, 144}
3371 {83, 116, 140}
3372 {157}
3373 {96}
3375 {123, 130, 136, 150, 153, 158}
3378 {82, 117, 137}
3380 {117, 132}
3381 {126}
3382 {80, 105, 113, 155}
3391 {96, 117}
3393 {137}
3408 {85}
3416 {88}
3431 {143}
3433 {131}
3435 {132}
3438 {100, 121, 150, 157}
3440 {117}
3443 {88}
3444 {106}
3445 {95, 101, 107, 120, 126, 132, 150}
3446 {80}
3489 {117, 122, 152}
3490 {81}
3491 {82}
3492 {91, 101, 107, 143, 153, 155}
3494 {96}
3495 {110, 121, 153, 157}
3496 {138, 146, 152}
3498 {110, 157}
3499 {110, 157}
3501 {104, 110, 157}
3502 {82}
3503 {91, 121, 131, 153, 157}
3504 {134}
3506 {131}
3508 {121}
3510 {153}
3512 {119, 157}
3513 {99, 129, 156}
3515 {86}
3518 {108, 153, 157}
3519 {117}
3520 {131}
3526 {121, 153, 157}
3527 {110, 121, 153, 157}
3528 {110, 121, 153, 157}
3532 {86, 89, 153}
3534 {84, 88}
3535 {89, 96}
3536 {82, 105, 110, 121}
3537 {125}
3538 {80, 84, 88, 106}
3540 {84, 90, 113, 118, 120, 134, 138, 145}
3546 {95, 97, 114, 116, 125, 126}
3547 {142}
3548 {90, 98, 128, 147, 150, 155}
3549 {85, 147, 158}
3550 {148, 157}
3551 {93, 113}
3556 {90, 96, 120}
3557 {90}
3558 {90, 118, 120, 141, 145}
3559 {99, 125}
3562 {120, 125, 134, 136, 141, 148}
3564 {79, 106, 158}
3566 {127}
3567 {113, 141}
3569 {90, 125, 141, 143}
3570 {82}
3571 {90, 99, 110, 113, 121, 123, 124, 130, 133}
3573 {81, 97, 99, 107, 141, 143}
3574 {80, 81, 107, 134, 143}
3576 {155}
3578 {98, 138, 144}
3581 {90}
3583 {113}
3584 {80}
3585 {81, 107, 125, 134, 135, 145}
3589 {81, 106}
3591 {147}
3593 {123}
3594 {85}
3599 {84}
3600 {111, 141}
3601 {134}
3602 {85, 141}
3603 {156}
3604 {120}
3605 {90, 108, 120}
3606 {90, 120, 134, 141}
3607 {120}
3610 {150}
3611 {153, 158}
3612 {90}
3613 {102}
3614 {102}
3617 {102}
3618 {135}
3619 {102}
3621 {89, 111, 129, 133, 140, 155}
3622 {96}
3623 {98, 148}
3625 {102}
3626 {100, 116, 123, 145}
3627 {102}
3628 {151}
3630 {96}
3631 {91, 147}
3635 {157}
3637 {102, 110, 123, 136}
3638 {111, 133}
3639 {109, 119}
3643 {102}
3644 {102}
3645 {102}
3646 {102, 120, 147, 156}
3647 {121}
3649 {79, 96, 148}
3651 {157}
3654 {103}
3655 {92, 107, 128}
3658 {88, 89, 119}
3659 {109, 157}
3662 {119, 129, 147, 151}
3663 {102}
3665 {102, 128}
3666 {116}
3667 {155}
3668 {101, 104, 140, 150}
3673 {115}
3676 {126}
3678 {126}
3679 {131}
3682 {112, 148, 155}
3687 {116}
3688 {95, 116, 124}
3689 {102}
3690 {82, 85, 135}
3692 {86}
3693 {101, 153}
3695 {124}
3698 {111}
3700 {105}
3702 {127}
3703 {135}
3704 {122, 137, 150}
3706 {153}
3711 {102}
3713 {101, 116, 150}
3714 {85, 151}
3717 {108, 134}
3724 {90}
3727 {123}
3732 {95}
3736 {127, 138, 153}
3737 {120}
3740 {89, 156}
3743 {131}
3744 {85, 89, 96, 140, 144, 157}
3747 {102, 116}
3748 {92, 119, 133, 142}
3749 {119}
3750 {119}
3751 {84}
3755 {80, 85, 98, 105, 123, 143}
3757 {119}
3759 {80, 122}
3762 {92, 119, 142}
3763 {89, 104, 137, 138, 141}
3765 {87, 143}
3766 {128}
3768 {119}
3771 {110, 127}
3773 {108}
3774 {123, 143, 149}
3775 {124}
3776 {125, 143}
3777 {79, 88}
3778 {101}
3779 {136}
3782 {141}
3785 {100, 116}
3786 {132}
3787 {88, 105, 122}
3788 {101}
3799 {98, 112, 123, 136, 138, 148}
3800 {98, 112, 114, 138}
3802 {102, 149}
3808 {98, 114, 138, 140, 148}
3809 {129, 142}
3812 {141}
3813 {98, 114, 142}
3814 {98, 114, 151}
3815 {144}
3816 {112}
3820 {86, 140}
3821 {114, 117, 132, 153}
3822 {140}
3825 {79, 148}
3828 {95, 102, 111, 115}
3830 {134}
3831 {134, 146}
3832 {98, 112, 114, 152}
3833 {85, 97, 144, 158}
3834 {99, 108, 153}
3836 {138, 152}
3838 {150}
3839 {104, 126, 157}
3842 {120}
3843 {136}
3844 {147}
3845 {136}
3847 {138, 148}
3853 {112, 129, 148}
3855 {105}
3860 {80}
3862 {137}
3863 {79, 137}
3864 {128}
3867 {114, 117}
3868 {93, 94}
3869 {83, 103, 109, 110, 121, 129, 152}
3870 {147}
3872 {101}
3873 {114}
3877 {87}
3879 {95, 147, 150}
3881 {96}
3883 {89, 104, 123, 130}
3884 {120}
3885 {120}
3886 {104}
3887 {123}
3890 {152}
3891 {144}
3900 {115, 116}
3901 {130, 158}
3906 {85, 99, 101, 115, 119, 126, 142}
3907 {80, 85, 114}
3908 {153}
3911 {119}
3912 {158}
3914 {118}
3915 {118}
3920 {84, 144}
3921 {154}
3925 {146, 152}
3926 {125, 157}
3931 {91, 134, 149}
3934 {123, 149}
3935 {105}
3938 {147}
3939 {102}
3940 {90, 93, 113, 134, 143}
3941 {78, 90, 120, 138}
3942 {88, 149}
3944 {120, 139, 155}
3952 {116}
3953 {116}
3955 {113}
3961 {98}
3963 {111}
3964 {91, 114, 135, 145}
3969 {89, 105, 152}
3971 {88}
3972 {129, 147}
3980 {138}
3983 {92}
3986 {148}
3987 {83}
3991 {105}
3994 {79, 146}
3996 {82, 87}
4014 {109}
4017 {144}
4021 {101, 108}
4027 {80, 105, 108, 130, 146}
4038 {121, 126, 148, 150}
4040 {104}
4042 {84}
4043 {109}
4044 {158}
4045 {84, 130}
4048 {116, 131}
4051 {153}
4054 {148}
4057 {143}
4058 {131}
4062 {83, 91}
4063 {96, 101, 104, 120, 150}
4068 {82, 116}
4070 {85, 95}
4073 {101}
4074 {95, 124, 131, 155}
4075 {129, 148, 151}
4079 {90, 126}
4081 {111, 126, 149}
4082 {82}
4084 {79, 90, 99, 143}
4087 {141}
4088 {152}
4089 {82, 128, 153}
4092 {122}
4093 {109}
4096 {82, 88}
4097 {82, 132}
4098 {111}
4103 {82, 90}
4105 {102}
4106 {82}
4107 {82, 153}
4108 {82, 104, 136, 152}
4109 {82}
4110 {82, 106}
4111 {114, 149}
4112 {82}
4113 {82}
4115 {79, 82}
4117 {82}
4118 {82}
4120 {82}
4122 {82}
4123 {82, 103}
4124 {103, 141}
4131 {82, 113}
4132 {88, 89, 100, 125, 134}
4138 {126}
4139 {93}
4140 {149}
4141 {82}
4142 {82}
4143 {81, 82, 90, 104, 106, 139}
4144 {82}
4145 {82, 112, 152}
4146 {82}
4147 {82}
4148 {82}
4149 {82}
4150 {82}
4151 {82, 108}
4152 {82, 119}
4153 {82}
4154 {82, 100}
4157 {120}
4160 {82}
4161 {82}
4162 {82}
4163 {82}
4164 {82}
4165 {82}
4166 {82}
4168 {92, 104, 144}
4169 {121, 157}
4171 {82}
4173 {82}
4177 {79}
4178 {104}
4184 {131}
4186 {108}
4190 {82, 106, 120, 133, 143}
4191 {82, 89, 99}
4192 {82}
4193 {82}
4194 {80, 92, 96, 120, 123, 145, 157}
4195 {85, 105}
4196 {90}
4201 {115}
4205 {131}
4210 {112, 114, 149, 156}
4213 {86, 98, 122, 124}
4214 {86}
4216 {146}
4217 {96}
4219 {122}
4220 {81, 119}
4223 {81, 95, 107, 109, 115, 150, 155}
4227 {82, 123, 144}
4228 {119}
4229 {88, 123, 142, 157}
4232 {81}
4234 {137}
4235 {132, 137}
4237 {90}
4239 {96}
4240 {131}
4241 {149}
4242 {111, 149}
4243 {152}
4244 {111, 149}
4245 {111, 155}
4246 {149}
4247 {111, 149}
4248 {111}
4249 {111}
4250 {110, 111, 149}
4253 {149}
4254 {149}
4256 {82}
4259 {79, 106}
4260 {111}
4261 {111}
4263 {111, 149}
4265 {111}
4266 {111}
4267 {149}
4268 {100, 126}
4270 {102, 149}
4272 {104}
4273 {81, 123, 158}
4275 {111}
4283 {88}
4284 {112, 141, 155}
4285 {83, 92, 104, 146}
4286 {142, 144}
4287 {92, 99, 133}
4288 {144}
4289 {126}
4290 {111}
4294 {83, 133, 152}
4297 {111, 149}
4300 {111, 149}
4301 {149}
4302 {111, 149}
4303 {85, 142}
4305 {123}
4306 {91}
4307 {131}
4308 {91, 106, 111}
4310 {149}
4311 {144}
4313 {141, 143}
4318 {111, 149}
4319 {91, 111, 149}
4320 {79, 118, 125}
4321 {149}
4322 {111, 149}
4325 {106, 156}
4330 {98}
4334 {100}
4335 {141}
4340 {93, 124}
4341 {81, 93, 97}
4342 {102, 119}
4345 {99}
4347 {90}
4353 {90}
4355 {155}
4360 {127}
4364 {144}
4367 {96}
4370 {121, 124, 132}
4377 {140}
4379 {85, 95, 104}
4381 {108, 121, 140}
4386 {135}
4388 {98, 102, 114, 146}
4395 {138, 152}
4396 {92}
4399 {140}
4400 {120, 139}
4402 {98, 112, 136, 138}
4403 {98, 112}
4406 {85}
4408 {151}
4413 {141}
4417 {125}
4419 {105}
4424 {88, 130}
4426 {88}
4434 {124}
4435 {119}
4448 {78, 79, 81, 89, 127, 144, 147}
4450 {97}
4451 {115}
4452 {121, 136, 146}
4453 {90, 116, 141}
4457 {85}
4458 {92, 95, 144, 149}
4464 {85, 107, 116}
4465 {131}
4466 {86, 137}
4467 {87}
4468 {88, 99, 106, 124}
4473 {98}
4474 {115}
4475 {115}
4479 {85, 136}
4480 {80}
4483 {158}
4484 {84, 124, 130, 141, 145}
4485 {79, 98}
4486 {124, 137}
4492 {115}
4502 {134}
4505 {102}
4507 {123}
4508 {113}
4516 {114, 138}
4517 {81, 98, 119, 124, 145}
4518 {97}
4519 {133, 144, 147}
4522 {145}
4528 {101, 111, 142}
4534 {141}
4536 {79, 89, 116}
4537 {95, 108}
4543 {101}
4545 {84}
4546 {92, 99}
4548 {136}
4550 {96, 99}
4553 {85, 99, 102, 108}
4557 {82, 86}
4559 {140}
4565 {99, 104, 120}
4566 {86}
4567 {98, 103}
4568 {127, 133}
4569 {149}
4570 {153}
4575 {88}
4582 {93, 95, 149}
4584 {80, 118}
4585 {80, 120}
4588 {121}
4589 {80, 105}
4595 {90, 104, 142, 150}
4598 {141}
4600 {110}
4605 {94, 146}
4606 {150, 153}
4607 {122}
4608 {154}
4610 {122, 146}
4612 {80}
4616 {111}
4620 {138, 154}
4621 {89}
4622 {85, 88, 126, 127, 148, 155}
4623 {94, 114, 121}
4628 {143}
4630 {81, 120}
4631 {95}
4637 {118, 134, 141}
4639 {118}
4642 {132}
4643 {101, 104}
4646 {79, 84, 112, 134}
4648 {152}
4656 {115}
4658 {79}
4661 {143}
4663 {149}
4665 {97, 152}
4666 {99, 157}
4667 {98, 133}
4675 {126}
4676 {90, 118, 136, 141}
4677 {91, 120, 151, 153}
4680 {146}
4682 {113}
4688 {93, 94, 113, 146}
4689 {102, 125, 156}
4692 {106}
4698 {137}
4702 {155}
4704 {84}
4706 {91}
4707 {117}
4708 {147}
4709 {79, 124}
4711 {80, 130}
4712 {108, 111}
4716 {157}
4717 {88, 97, 104, 114, 139}
4718 {80, 88}
4720 {89}
4725 {96, 140, 152}
4726 {110}
4727 {115, 155}
4728 {87, 88}
4729 {132}
4731 {124}
4734 {150}
4736 {108, 117}
4742 {119}
4746 {126}
4747 {126}
4748 {126}
4749 {85, 142}
4752 {82, 124, 130}
4759 {126}
4761 {89, 108, 143, 145, 150}
4762 {124, 134}
4767 {95, 142, 145}
4768 {156}
4769 {108, 121}
4772 {99}
4774 {107}
4776 {80}
4778 {150}
4781 {119}
4785 {126}
4786 {126}
4788 {79}
4790 {101, 126}
4792 {126}
4795 {119}
4796 {101, 110}
4797 {85}
4805 {104}
4807 {84, 133}
4808 {106, 135}
4809 {90, 134, 143}
4810 {84}
4814 {81, 150}
4818 {99, 108}
4819 {81, 83, 133}
4824 {88, 147}
4825 {106, 156}
4829 {148}
4838 {92, 146}
4840 {93, 130, 158}
4841 {133}
4842 {83, 105}
4843 {152}
4844 {133}
4847 {120}
4850 {133}
4855 {79}
4860 {133, 146}
4861 {106}
4862 {146}
4863 {121}
4864 {129}
4865 {79, 86}
4867 {100, 148}
4868 {132}
4869 {146}
4871 {133}
4876 {80}
4879 {92, 133}
4881 {80}
4882 {80, 88, 89, 92, 127}
4883 {105}
4886 {133, 158}
4889 {80}
4894 {105}
4897 {93, 150}
4898 {130}
4902 {79, 96, 129, 150}
4904 {92}
4907 {105}
4913 {152}
4920 {112, 129}
4923 {86, 122}
4924 {129}
4925 {129}
4926 {129}
4927 {149}
4928 {132}
4932 {121}
4937 {88, 95}
4943 {121}
4947 {81}
4948 {83, 123, 138, 149}
4953 {109}
4954 {120}
4956 {135}
4957 {152}
4959 {82, 91, 120}
4967 {82}
4980 {81}
5009 {120}
5025 {138, 152}
5030 {117, 152}
5031 {152}
5039 {79}
5044 {110, 121}
5054 {139, 144}
5055 {139, 144}
5057 {88}
5058 {98, 102, 114, 136, 144, 148}
5059 {95, 96, 101, 150}
5065 {88, 97}
5066 {80}
5067 {133, 139}
5070 {104, 130}
5073 {104}
5074 {90}
5081 {88}
5082 {85}
5083 {108}
5088 {110, 121}
5093 {79, 84, 110, 146}
5096 {86}
5097 {89}
5100 {153}
5102 {139, 144}
5103 {88, 139, 144}
5104 {110}
5105 {110}
5106 {93, 110, 115, 122, 156}
5107 {110}
5109 {110}
5110 {102, 110}
5111 {110, 122, 153, 157}
5113 {157}
5116 {110}
5117 {110}
5118 {110}
5119 {110}
5120 {110, 157}
5121 {110}
5122 {110}
5123 {110, 157}
5124 {110}
5125 {110}
5126 {110}
5127 {110}
5128 {110}
5129 {110}
5130 {110}
5131 {82, 110, 131, 152, 156}
5132 {95, 101, 110}
5133 {110}
5134 {110}
5135 {110, 131}
5136 {110}
5137 {110}
5138 {110, 157}
5139 {110, 120}
5140 {110}
5141 {110, 150}
5142 {110}
5143 {104, 110}
5144 {110}
5145 {110}
5146 {110}
5147 {110}
5148 {110}
5149 {96, 110}
5151 {110}
5152 {110}
5153 {110}
5154 {110}
5155 {100, 110}
5156 {110}
5157 {110}
5158 {110, 132}
5159 {110}
5160 {110, 121}
5161 {110}
5162 {101, 110}
5163 {110}
5164 {110}
5165 {110}
5166 {110}
5167 {86, 110}
5168 {110}
5169 {82, 110, 137}
5170 {101}
5171 {86, 122, 136}
5175 {100, 120, 134, 138, 141}
5176 {126}
5178 {122}
5179 {86}
5183 {87, 88}
5185 {90}
5190 {122, 151}
5191 {88}
5195 {84}
5196 {152}
5197 {129}
5205 {97, 100, 135, 154}
5206 {141}
5209 {99, 141, 146}
5211 {122}
5212 {131}
5213 {137}
5214 {86}
5217 {108, 137, 150}
5218 {152}
5222 {135}
5224 {153}
5225 {101, 136}
5226 {153}
5227 {153}
5228 {153}
5235 {121}
5237 {157}
5240 {112}
5241 {96}
5242 {157}
5243 {80, 123, 136}
5245 {86, 121}
5247 {120}
5248 {121}
5249 {153}
5250 {95}
5253 {152}
5255 {119}
5260 {88}
5261 {157}
5262 {158}
5264 {154}
5270 {145}
5271 {127, 140}
5277 {147, 153}
5290 {83}
5306 {85}
5308 {97, 158}
5309 {85}
5310 {120, 141}
5313 {95}
5314 {122}
5319 {135}
5329 {132}
5330 {114, 123, 134}
5337 {121}
5341 {130}
5346 {93, 100, 107}
5347 {109}
5348 {100}
5349 {96}
5352 {133, 144}
5354 {82}
5355 {143}
5358 {108, 116, 123, 147}
5361 {78, 112, 134, 136}
5362 {157}
5365 {107, 124}
5366 {90}
5370 {78, 123, 126, 134, 148}
5372 {81, 137}
5374 {124, 131, 143, 155}
5378 {100, 124}
5385 {93}
5387 {89, 122, 135}
5390 {102}
5391 {107}
5392 {107}
5396 {126}
5398 {122}
5400 {79, 90, 148, 149}
5403 {120, 148}
5404 {126}
5406 {112, 129, 148}
5411 {97, 100, 135}
5412 {144}
5413 {118, 123}
5414 {124}
5418 {151}
5423 {101, 114}
5424 {133, 146}
5425 {81}
5427 {108, 127}
5429 {129}
5430 {111, 143}
5431 {116, 139}
5434 {88, 116, 124, 126}
5436 {90, 111, 115}
5437 {116, 123}
5438 {121}
5439 {95, 108}
5442 {95, 109, 158}
5444 {106, 119, 136}
5447 {124}
5448 {80, 90, 134}
5450 {149}
5456 {95, 148}
5457 {131}
5458 {134}
5459 {129}
5460 {144}
5463 {152}
5470 {117, 122, 133}
5471 {123}
5476 {78, 97, 105}
5477 {122}
5478 {78, 134}
5480 {117, 132}
5482 {105}
5483 {78}
5486 {96}
5494 {147}
5498 {90}
5505 {99, 134, 155}
5513 {78}
5517 {154}
5518 {78}
5519 {78}
5520 {78}
5521 {78}
5522 {78, 96}
5523 {78, 98}
5524 {78}
5525 {78}
5526 {78}
5527 {78, 122}
5528 {78, 140}
5529 {78}
5530 {78}
5531 {78}
5532 {78, 151}
5533 {78}
5534 {78}
5535 {79, 84}
5536 {79}
5537 {79}
5538 {79}
5539 {79}
5540 {79}
5541 {79, 92, 133}
5542 {79}
5543 {79}
5544 {79}
5545 {79}
5546 {79}
5547 {79}
5548 {79, 130}
5549 {79, 107, 148}
5550 {79, 108, 134}
5551 {79}
5552 {79, 81}
5553 {79}
5554 {79}
5555 {79}
5556 {79, 144}
5557 {79}
5558 {79}
5559 {79}
5560 {79}
5561 {79}
5562 {79}
5563 {79}
5564 {79, 144, 147}
5565 {79}
5566 {79, 101}
5567 {80, 155}
5568 {80}
5569 {80}
5570 {80}
5571 {80}
5572 {80}
5573 {80}
5574 {80, 90}
5575 {80}
5576 {80}
5577 {80}
5578 {80, 83, 105, 133}
5579 {80}
5580 {80}
5581 {80}
5582 {80}
5583 {80, 121}
5584 {80}
5585 {80}
5586 {80}
5587 {80, 105, 130}
5588 {80}
5589 {80}
5590 {80}
5591 {80}
5592 {80, 130}
5593 {80}
5594 {80}
5595 {80, 105}
5596 {80, 124}
5597 {80, 87}
5598 {80}
5599 {80, 141}
5600 {80}
5601 {80}
5602 {80}
5603 {80}
5604 {80}
5605 {80}
5606 {80}
5607 {80, 92}
5608 {81}
5609 {81}
5610 {81}
5611 {81}
5612 {81, 139, 144}
5613 {81}
5614 {81}
5615 {81}
5616 {81, 96}
5617 {81, 137, 156}
5618 {81, 108}
5619 {81}
5620 {81, 101, 148}
5621 {81, 101, 148}
5622 {81}
5623 {81}
5624 {81}
5625 {81}
5626 {81}
5627 {81}
5628 {81}
5629 {81}
5630 {81}
5631 {81}
5632 {81}
5633 {81}
5634 {81}
5635 {81}
5636 {81}
5637 {81}
5638 {81}
5639 {81}
5640 {81}
5641 {81}
5642 {81}
5643 {81, 98, 121, 124}
5644 {81}
5645 {81, 147}
5646 {81}
5647 {81, 97}
5648 {81}
5649 {81, 131}
5650 {81, 97, 141, 143}
5651 {81, 97}
5652 {81}
5653 {81, 97}
5654 {81}
5655 {81}
5656 {81}
5657 {82}
5658 {82}
5659 {82}
5660 {82}
5661 {82}
5662 {82, 120, 131}
5663 {82}
5664 {82}
5665 {82}
5666 {82}
5667 {82}
5668 {82}
5669 {82}
5670 {82}
5671 {82, 135}
5672 {82, 92, 105, 114, 133, 138, 143}
5673 {82, 131}
5674 {82}
5675 {82}
5676 {82}
5677 {82}
5678 {82}
5679 {82}
5680 {82}
5681 {82}
5682 {82}
5683 {82}
5684 {82, 96}
5685 {82}
5686 {82}
5687 {82}
5688 {82}
5689 {82}
5690 {82, 105}
5691 {82}
5692 {82}
5693 {82}
5694 {82}
5695 {82}
5696 {82}
5697 {82, 96}
5698 {83}
5699 {83}
5700 {83, 130}
5701 {83, 130}
5702 {83}
5703 {83}
5704 {83, 88, 130, 139, 141}
5705 {83}
5706 {83}
5707 {83}
5708 {83}
5709 {83}
5710 {83}
5711 {83}
5712 {83}
5713 {83}
5714 {83}
5715 {83}
5716 {83}
5717 {83}
5718 {83, 141}
5719 {83}
5720 {83}
5721 {83}
5722 {83}
5723 {83}
5724 {83}
5725 {83, 127, 157}
5726 {83}
5727 {83}
5728 {83}
5729 {84}
5730 {84}
5731 {84, 136}
5732 {84}
5733 {84}
5734 {84}
5735 {84}
5736 {84}
5737 {84}
5738 {84}
5739 {84, 156}
5740 {84}
5741 {84}
5742 {84}
5743 {84, 91, 147}
5744 {84, 95}
5745 {84, 99, 148}
5746 {84}
5747 {84}
5748 {84}
5749 {84}
5750 {84}
5751 {84, 101}
5752 {84}
5753 {84}
5754 {84}
5755 {84}
5756 {84, 90, 94}
5757 {84}
5758 {84}
5759 {84}
5760 {84}
5761 {84}
5762 {84}
5763 {84, 130}
5764 {84}
5765 {85}
5766 {85, 89, 100}
5767 {85}
5768 {85, 99}
5769 {85, 99}
5770 {85, 128, 154}
5771 {85, 150}
5772 {85}
5773 {85}
5774 {85}
5775 {85, 139}
5776 {85, 150}
5777 {85, 100, 119}
5778 {85}
5779 {85, 145}
5780 {85, 95}
5781 {85}
5782 {85}
5783 {85}
5784 {85, 106, 108}
5785 {85}
5786 {85, 132}
5787 {85}
5788 {85, 136}
5789 {85, 90, 153}
5790 {85}
5791 {85}
5792 {85}
5793 {85}
5794 {85}
5795 {85}
5796 {85}
5797 {85}
5798 {85, 98}
5799 {85}
5800 {85}
5801 {86, 122}
5802 {86}
5803 {86}
5804 {86}
5805 {86}
5806 {86}
5807 {86}
5808 {86}
5809 {86}
5810 {86}
5811 {86}
5812 {86, 88, 106, 135, 144, 152}
5813 {86}
5814 {86}
5815 {86}
5816 {86, 100}
5817 {86}
5818 {86}
5819 {86}
5820 {86}
5821 {86}
5822 {86}
5823 {86}
5824 {86}
5825 {86}
5826 {86}
5827 {86}
5828 {86, 96}
5829 {87}
5830 {87}
5831 {87}
5832 {87}
5833 {87}
5834 {87}
5835 {87}
5836 {87}
5837 {87, 137}
5838 {87}
5839 {87, 121}
5840 {87, 122}
5841 {87}
5842 {87}
5843 {87}
5844 {87}
5845 {87}
5846 {87}
5847 {87, 138}
5848 {87, 147}
5849 {88}
5850 {88}
5851 {88, 101, 104, 139, 143}
5852 {88}
5853 {88}
5854 {88}
5855 {88, 132}
5856 {88}
5857 {88}
5858 {88}
5859 {88}
5860 {88}
5861 {88, 117}
5862 {88, 140, 141}
5863 {88}
5864 {88, 139}
5865 {88}
5866 {88}
5867 {88}
5868 {88, 139}
5869 {88}
5870 {88, 89}
5871 {88, 89}
5872 {88, 132, 136}
5873 {88}
5874 {88}
5875 {88, 97}
5876 {88}
5877 {88}
5878 {88}
5879 {88, 97}
5880 {88}
5881 {88, 122}
5882 {88}
5883 {88}
5884 {88, 107, 154}
5885 {88}
5886 {88}
5887 {88}
5888 {88}
5889 {88}
5890 {88}
5891 {88}
5892 {88}
5893 {88}
5894 {88}
5895 {88, 144}
5896 {88}
5897 {88}
5898 {88, 137}
5899 {88}
5900 {88, 105}
5901 {88}
5902 {88, 104}
5903 {88, 126}
5904 {88}
5905 {88}
5906 {88}
5907 {88}
5908 {88}
5909 {88}
5910 {88}
5911 {88}
5912 {88}
5913 {88}
5914 {88}
5915 {88}
5916 {88, 126}
5917 {88, 118, 152}
5918 {88}
5919 {88}
5920 {88}
5921 {88}
5922 {88}
5923 {88}
5924 {88}
5925 {88}
5926 {88}
5927 {88}
5928 {88, 127}
5929 {88}
5930 {88}
5931 {89}
5932 {89, 106}
5933 {89}
5934 {89}
5935 {89}
5936 {89}
5937 {89, 116}
5938 {89, 129}
5939 {89}
5940 {89}
5941 {89}
5942 {89, 117}
5943 {89, 112}
5944 {89}
5945 {89}
5946 {89}
5947 {89}
5948 {89}
5949 {89, 97}
5950 {89, 148}
5951 {89}
5952 {89}
5953 {89}
5954 {89}
5955 {89}
5956 {89}
5957 {89, 141}
5958 {89}
5959 {89}
5960 {89}
5961 {89}
5962 {90}
5963 {90}
5964 {90}
5965 {90}
5966 {90}
5967 {90}
5968 {90}
5969 {90}
5970 {90}
5971 {90}
5972 {90}
5973 {90}
5974 {90}
5975 {90}
5976 {90}
5977 {90}
5978 {90, 138}
5979 {90}
5980 {90, 141}
5981 {90}
5982 {90}
5983 {90, 158}
5984 {90, 118, 134, 145}
5985 {90}
5986 {90}
5987 {90, 95}
5988 {90}
5989 {90, 120}
5990 {90}
5991 {90, 125, 148}
5992 {90, 111}
5993 {90}
5994 {90}
5995 {90, 157}
5996 {90}
5997 {90, 126}
5998 {90}
5999 {90}
6000 {90}
6001 {90, 124, 141}
6002 {90}
6003 {90}
6004 {90}
6005 {90}
6006 {90}
6007 {90}
6008 {90}
6009 {90}
6010 {90}
6011 {90}
6012 {90}
6013 {90}
6014 {90}
6015 {90}
6016 {90}
6017 {90}
6018 {90}
6019 {90}
6020 {90}
6021 {90}
6022 {90}
6023 {90}
6024 {90}
6025 {90}
6026 {90}
6027 {90, 101, 102}
6028 {90}
6029 {90}
6030 {90}
6031 {90, 133}
6032 {90}
6033 {90}
6034 {90}
6035 {91}
6036 {91}
6037 {91, 111}
6038 {91}
6039 {91, 131}
6040 {91}
6041 {91}
6042 {91}
6043 {91}
6044 {91}
6045 {91}
6046 {91}
6047 {91}
6048 {91, 96, 152}
6049 {91, 108}
6050 {91}
6051 {91}
6052 {91}
6053 {91}
6054 {91}
6055 {91}
6056 {91, 130, 152}
6057 {91}
6058 {91}
6059 {91}
6060 {91}
6061 {91}
6062 {91, 141}
6063 {91, 119}
6064 {91}
6065 {91, 152}
6066 {91}
6067 {91}
6068 {91}
6069 {91}
6070 {91}
6071 {91, 131}
6072 {91}
6073 {91, 122}
6074 {91}
6075 {91}
6076 {91, 131}
6077 {91, 109}
6078 {91, 111, 149}
6079 {91}
6080 {91}
6081 {91}
6082 {91}
6083 {91, 122}
6084 {91, 152}
6085 {91, 137}
6086 {91, 131}
6087 {91}
6088 {91, 137}
6089 {91}
6090 {91}
6091 {91, 152}
6092 {92}
6093 {92, 133}
6094 {92, 98, 114, 133}
6095 {92}
6096 {92}
6097 {92}
6098 {92}
6099 {92}
6100 {92, 133}
6101 {92, 126}
6102 {92, 133}
6103 {92}
6104 {92, 98, 129, 146, 148}
6105 {92, 146}
6106 {92}
6107 {92, 119}
6108 {92}
6109 {92, 146}
6110 {92, 146}
6111 {92, 146}
6112 {92, 95}
6113 {92, 107, 118, 119, 126}
6114 {92}
6115 {92, 106}
6116 {92}
6117 {92}
6118 {92}
6119 {92}
6120 {92}
6121 {92}
6122 {92}
6123 {92, 102}
6124 {92, 98, 119}
6125 {92, 146}
6126 {92, 131}
6127 {92}
6128 {93}
6129 {93}
6130 {93}
6131 {93}
6132 {93}
6133 {93, 123}
6134 {93}
6135 {93}
6136 {93}
6137 {93}
6138 {93}
6139 {93}
6140 {93, 107}
6141 {93, 114, 133}
6142 {93}
6143 {93, 118}
6144 {93}
6145 {94}
6146 {94}
6147 {94}
6148 {94}
6149 {94}
6150 {94}
6151 {94}
6152 {94}
6153 {94, 99}
6154 {94}
6155 {94, 135}
6156 {94}
6157 {94, 120, 152}
6158 {95}
6159 {95, 120}
6160 {95}
6161 {95}
6162 {95, 127}
6163 {95}
6164 {95}
6165 {95}
6166 {95}
6167 {95}
6168 {95}
6169 {95}
6170 {95}
6171 {95}
6172 {95, 106, 108, 158}
6173 {95}
6174 {95}
6175 {95, 133}
6176 {95}
6177 {95}
6178 {95}
6179 {95, 116, 147}
6180 {95, 101, 121}
6181 {95}
6182 {95}
6183 {95}
6184 {95}
6185 {95}
6186 {95}
6187 {95}
6188 {95, 104, 136}
6189 {95, 152}
6190 {95}
6191 {95, 96}
6192 {95, 98, 99, 128, 145}
6193 {95}
6194 {95}
6195 {95}
6196 {95}
6197 {95}
6198 {95}
6199 {95, 150}
6200 {95, 150}
6201 {95, 142, 150}
6202 {95, 118}
6203 {95}
6204 {95}
6205 {95}
6206 {96}
6207 {96}
6208 {96}
6209 {96}
6210 {96, 138}
6211 {96}
6212 {96, 152}
6213 {96}
6214 {96}
6215 {96, 109}
6216 {96}
6217 {96}
6218 {96}
6219 {96}
6220 {96}
6221 {96}
6222 {96}
6223 {96}
6224 {96}
6225 {96}
6226 {96}
6227 {96}
6228 {96}
6229 {96}
6230 {96}
6231 {96}
6232 {96}
6233 {96, 121}
6234 {96}
6235 {96}
6236 {96, 152}
6237 {96}
6238 {96}
6239 {96}
6240 {96}
6241 {96, 108}
6242 {96, 131}
6243 {96}
6244 {96}
6245 {96}
6246 {96}
6247 {96}
6248 {96}
6249 {96, 157}
6250 {96, 152}
6251 {96}
6252 {96}
6253 {96}
6254 {96}
6255 {96}
6256 {96}
6257 {96, 153}
6258 {96}
6259 {96}
6260 {96}
6261 {96}
6262 {96}
6263 {96}
6264 {96}
6265 {96}
6266 {96, 126}
6267 {96}
6268 {96}
6269 {96}
6270 {96}
6271 {96}
6272 {96, 118}
6273 {96}
6274 {96}
6275 {96}
6276 {96}
6277 {96}
6278 {96}
6279 {96}
6280 {96}
6281 {96}
6282 {96}
6283 {96}
6284 {96, 134}
6285 {96}
6286 {96, 122}
6287 {96}
6288 {96}
6289 {96}
6290 {96}
6291 {96}
6292 {96}
6293 {96}
6294 {96}
6295 {96}
6296 {96}
6297 {96}
6298 {96}
6299 {96}
6300 {96}
6301 {97}
6302 {97}
6303 {97}
6304 {97}
6305 {97}
6306 {97}
6307 {97}
6308 {97}
6309 {97, 98, 112, 148}
6310 {97}
6311 {97}
6312 {97, 114}
6313 {97}
6314 {97}
6315 {97}
6316 {97, 131}
6317 {97, 135}
6318 {97, 99}
6319 {97}
6320 {97}
6321 {97, 99}
6322 {97, 99}
6323 {97, 127, 128}
6324 {97, 127}
6325 {97}
6326 {97}
6327 {98}
6328 {98, 114}
6329 {98}
6330 {98}
6331 {98}
6332 {98}
6333 {98, 142}
6334 {98}
6335 {98, 138}
6336 {98, 138}
6337 {98, 138}
6338 {98}
6339 {98, 126}
6340 {98}
6341 {98, 112}
6342 {98, 120}
6343 {98}
6344 {98, 113, 125, 134, 148}
6345 {98, 114, 138, 148}
6346 {98}
6347 {98, 107}
6348 {98}
6349 {98}
6350 {98, 149}
6351 {98, 112}
6352 {98}
6353 {98, 116}
6354 {98}
6355 {98}
6356 {98}
6357 {98, 115, 143}
6358 {98}
6359 {98, 112, 114, 142}
6360 {98}
6361 {98, 108, 130, 140, 150, 158}
6362 {98, 112, 129, 148}
6363 {99, 108, 135}
6364 {99, 143}
6365 {99, 111, 117}
6366 {99}
6367 {99, 124}
6368 {99, 124}
6369 {99}
6370 {99}
6371 {99, 107}
6372 {99}
6373 {99}
6374 {99}
6375 {99}
6376 {99, 108, 113, 123, 142}
6377 {99}
6378 {99}
6379 {99}
6380 {99}
6381 {99, 115}
6382 {99}
6383 {99}
6384 {99}
6385 {99}
6386 {99}
6387 {99}
6388 {99}
6389 {99}
6390 {99}
6391 {99, 135}
6392 {99}
6393 {99}
6394 {99, 115}
6395 {99, 108}
6396 {99, 108, 135}
6397 {99, 108, 135}
6398 {99, 118}
6399 {99}
6400 {100}
6401 {100, 113}
6402 {100}
6403 {100}
6404 {100}
6405 {100}
6406 {100}
6407 {100}
6408 {100}
6409 {100}
6410 {100, 108, 148}
6411 {100, 108, 148}
6412 {100}
6413 {100}
6414 {100}
6415 {100}
6416 {100}
6417 {100, 119}
6418 {100, 130, 138, 143, 145, 150, 154}
6419 {100, 130}
6420 {100, 131}
6421 {100}
6422 {100}
6423 {100}
6424 {100}
6425 {100}
6426 {100}
6427 {100}
6428 {100}
6429 {100}
6430 {100}
6431 {100}
6432 {100}
6433 {101, 102, 104, 121, 123, 131}
6434 {101, 124, 144, 152}
6435 {101, 104, 124, 144}
6436 {101}
6437 {101}
6438 {101}
6439 {101}
6440 {101}
6441 {101}
6442 {101}
6443 {101}
6444 {101}
6445 {101, 104}
6446 {101}
6447 {101, 150}
6448 {101}
6449 {101}
6450 {101}
6451 {101}
6452 {101}
6453 {101, 106, 151}
6454 {101, 142, 150}
6455 {101}
6456 {101}
6457 {101, 153}
6458 {101, 150}
6459 {101}
6460 {101, 104, 150}
6461 {101}
6462 {101}
6463 {101}
6464 {101}
6465 {101}
6466 {101}
6467 {101}
6468 {101}
6469 {101, 150}
6470 {101, 150}
6471 {101, 108, 150}
6472 {101}
6473 {102}
6474 {102}
6475 {102}
6476 {102}
6477 {102, 136}
6478 {102}
6479 {102}
6480 {102}
6481 {102}
6482 {102}
6483 {102}
6484 {102}
6485 {102}
6486 {102}
6487 {102}
6488 {102}
6489 {102}
6490 {102}
6491 {102}
6492 {102}
6493 {102}
6494 {102}
6495 {102, 132, 137}
6496 {102, 131}
6497 {102, 132}
6498 {102}
6499 {102}
6500 {102}
6501 {102}
6502 {102}
6503 {102, 152}
6504 {102}
6505 {102}
6506 {102, 130}
6507 {102}
6508 {102}
6509 {103}
6510 {103}
6511 {103}
6512 {103, 110}
6513 {103}
6514 {103}
6515 {103}
6516 {103}
6517 {103}
6518 {103}
6519 {104}
6520 {104}
6521 {104}
6522 {104, 130, 143}
6523 {104}
6524 {104}
6525 {104, 137}
6526 {104}
6527 {104}
6528 {104, 105}
6529 {104}
6530 {104, 158}
6531 {104}
6532 {104}
6533 {104}
6534 {104}
6535 {104, 140}
6536 {104}
6537 {104}
6538 {104}
6539 {104}
6540 {104}
6541 {105}
6542 {105}
6543 {105}
6544 {105, 123, 128}
6545 {105}
6546 {105}
6547 {105, 116}
6548 {105}
6549 {105}
6550 {105}
6551 {105}
6552 {105}
6553 {105}
6554 {105}
6555 {105}
6556 {105}
6557 {105}
6558 {105}
6559 {105}
6560 {105}
6561 {105}
6562 {106}
6563 {106}
6564 {106}
6565 {106}
6566 {106, 108}
6567 {106}
6568 {106}
6569 {106}
6570 {106}
6571 {106}
6572 {106}
6573 {106}
6574 {106}
6575 {106}
6576 {106, 144}
6577 {106, 112, 144, 150}
6578 {106}
6579 {106}
6580 {106}
6581 {106}
6582 {106}
6583 {106}
6584 {106}
6585 {106}
6586 {106}
6587 {107}
6588 {107, 116, 128}
6589 {107}
6590 {107}
6591 {107}
6592 {107}
6593 {107}
6594 {107}
6595 {107}
6596 {107}
6597 {107, 133}
6598 {107}
6599 {107}
6600 {107}
6601 {107}
6602 {107}
6603 {107}
6604 {107}
6605 {107}
6606 {107}
6607 {107}
6608 {107}
6609 {107}
6610 {107, 116}
6611 {107}
6612 {107}
6613 {107}
6614 {107}
6615 {107}
6616 {107, 108, 126}
6617 {107}
6618 {107, 154}
6619 {108}
6620 {108}
6621 {108}
6622 {108}
6623 {108}
6624 {108}
6625 {108}
6626 {108, 135}
6627 {108, 148}
6628 {108}
6629 {108}
6630 {108}
6631 {108, 135, 155}
6632 {108}
6633 {108}
6634 {108, 117}
6635 {108, 117, 121, 136}
6636 {108}
6637 {108}
6638 {108}
6639 {108}
6640 {108}
6641 {108}
6642 {108}
6643 {108, 148}
6644 {108}
6645 {108}
6646 {108}
6647 {108}
6648 {108}
6649 {108}
6650 {108, 141}
6651 {108}
6652 {108, 116, 132}
6653 {108}
6654 {108}
6655 {108}
6656 {108}
6657 {108, 121}
6658 {108}
6659 {108}
6660 {108}
6661 {108}
6662 {108, 121, 154}
6663 {108}
6664 {108}
6665 {108}
6666 {109}
6667 {109}
6668 {109}
6669 {109}
6670 {109}
6671 {109}
6672 {109}
6673 {109}
6674 {109}
6675 {109}
6676 {109}
6677 {109}
6678 {109, 152}
6679 {109}
6680 {109, 117}
6681 {109}
6682 {109}
6683 {109}
6684 {109}
6685 {109}
6686 {109}
6687 {109}
6688 {109}
6689 {109}
6690 {109}
6691 {109}
6692 {109}
6693 {109}
6694 {109}
6695 {109}
6696 {109}
6697 {109}
6698 {109}
6699 {109}
6700 {110}
6701 {110}
6702 {110}
6703 {110}
6704 {110}
6705 {110}
6706 {110, 140}
6707 {110}
6708 {110}
6709 {110}
6710 {111}
6711 {111, 149}
6712 {111}
6713 {111, 115}
6714 {111, 156}
6715 {111}
6716 {111}
6717 {111}
6718 {111}
6719 {111}
6720 {111}
6721 {111}
6722 {111}
6723 {111, 149}
6724 {111}
6725 {111}
6726 {111}
6727 {111}
6728 {111}
6729 {111}
6730 {111, 149}
6731 {111}
6732 {111}
6733 {111}
6734 {111, 149, 154}
6735 {111}
6736 {112}
6737 {112, 157}
6738 {112}
6739 {112}
6740 {112}
6741 {112}
6742 {112, 137, 141, 148}
6743 {112}
6744 {112, 114, 138}
6745 {112}
6746 {112}
6747 {112}
6748 {112}
6749 {112}
6750 {113}
6751 {113}
6752 {113}
6753 {113}
6754 {113, 143}
6755 {113}
6756 {113}
6757 {113}
6758 {113}
6759 {113}
6760 {113}
6761 {113}
6762 {113}
6763 {113}
6764 {113, 134, 158}
6765 {113}
6766 {113}
6767 {113, 155}
6768 {113, 114, 118, 122}
6769 {113, 141}
6770 {113}
6771 {114}
6772 {114}
6773 {114}
6774 {114, 131, 144}
6775 {114}
6776 {114}
6777 {114, 132}
6778 {114}
6779 {114}
6780 {114}
6781 {114}
6782 {114}
6783 {114}
6784 {114}
6785 {114}
6786 {114}
6787 {114, 120}
6788 {114}
6789 {114}
6790 {114}
6791 {114, 139, 144}
6792 {114}
6793 {114}
6794 {115}
6795 {115}
6796 {115}
6797 {115}
6798 {115}
6799 {115}
6800 {115}
6801 {115}
6802 {115}
6803 {115}
6804 {115}
6805 {115}
6806 {115}
6807 {115}
6808 {115}
6809 {115, 119}
6810 {115}
6811 {115}
6812 {115}
6813 {115, 128}
6814 {115}
6815 {115}
6816 {115}
6817 {115}
6818 {115}
6819 {116}
6820 {116}
6821 {116}
6822 {116}
6823 {116}
6824 {116}
6825 {116, 147}
6826 {116}
6827 {116}
6828 {116}
6829 {116}
6830 {116}
6831 {116, 134}
6832 {116}
6833 {116}
6834 {116}
6835 {116}
6836 {116}
6837 {116}
6838 {116}
6839 {116}
6840 {116, 123, 135, 144, 157}
6841 {116}
6842 {116, 126}
6843 {116}
6844 {116}
6845 {116, 119}
6846 {116}
6847 {116}
6848 {116}
6849 {116}
6850 {116}
6851 {116}
6852 {116}
6853 {116}
6854 {116}
6855 {116}
6856 {116}
6857 {117, 132}
6858 {117}
6859 {117, 132}
6860 {117}
6861 {117, 132}
6862 {117}
6863 {117, 132}
6864 {117}
6865 {117}
6866 {117}
6867 {117}
6868 {117, 132}
6869 {117}
6870 {117}
6871 {117}
6872 {117, 152}
6873 {117}
6874 {117}
6875 {117}
6876 {117, 132}
6877 {117}
6878 {117}
6879 {117}
6880 {117}
6881 {117}
6882 {117}
6883 {117, 158}
6884 {117}
6885 {117}
6886 {117, 133}
6887 {117}
6888 {117}
6889 {117}
6890 {117, 132}
6891 {117}
6892 {117}
6893 {117}
6894 {117, 132}
6895 {117, 132}
6896 {117, 132}
6897 {117}
6898 {117, 150}
6899 {117}
6900 {117}
6901 {117}
6902 {117}
6903 {117}
6904 {117, 156}
6905 {117}
6906 {118}
6907 {118}
6908 {118, 130}
6909 {118}
6910 {118}
6911 {118}
6912 {118}
6913 {118}
6914 {118}
6915 {118}
6916 {118}
6917 {118}
6918 {118}
6919 {118}
6920 {118}
6921 {118}
6922 {118}
6923 {118}
6924 {119}
6925 {119}
6926 {119}
6927 {119}
6928 {119, 133}
6929 {119, 148}
6930 {119}
6931 {119}
6932 {119}
6933 {119, 120, 129}
6934 {119}
6935 {119}
6936 {119}
6937 {119, 150}
6938 {119}
6939 {119}
6940 {119}
6941 {119}
6942 {119}
6943 {119}
6944 {119}
6945 {119}
6946 {119}
6947 {119}
6948 {119}
6949 {119}
6950 {119, 137, 141, 157}
6951 {119}
6952 {119}
6953 {119}
6954 {119}
6955 {119}
6956 {119}
6957 {119}
6958 {119}
6959 {119}
6960 {120}
6961 {120, 134}
6962 {120}
6963 {120}
6964 {120}
6965 {120}
6966 {120}
6967 {120}
6968 {120}
6969 {120}
6970 {120}
6971 {120}
6972 {120, 152}
6973 {120}
6974 {120}
6975 {120, 144}
6976 {120, 130}
6977 {120}
6978 {120}
6979 {120}
6980 {120}
6981 {120}
6982 {120}
6983 {120}
6984 {120}
6985 {120}
6986 {120}
6987 {120}
6988 {120}
6989 {120, 135}
6990 {120}
6991 {120}
6992 {120}
6993 {120, 136}
6994 {120}
6995 {120}
6996 {120}
6997 {120}
6998 {120}
6999 {120}
7000 {120}
7001 {120}
7002 {120}
7003 {120}
7004 {120}
7005 {120}
7006 {121, 153}
7007 {121}
7008 {121}
7009 {121}
7010 {121}
7011 {121}
7012 {121}
7013 {121}
7014 {121}
7015 {121}
7016 {121}
7017 {121}
7018 {121}
7019 {121}
7020 {121}
7021 {121}
7022 {121}
7023 {121}
7024 {121}
7025 {121}
7026 {121}
7027 {121}
7028 {121}
7029 {121}
7030 {121}
7031 {121}
7032 {121}
7033 {121}
7034 {121, 153}
7035 {121}
7036 {121}
7037 {121}
7038 {121}
7039 {121}
7040 {121}
7041 {121}
7042 {121}
7043 {121}
7044 {121}
7045 {121}
7046 {121}
7047 {121}
7048 {121}
7049 {121}
7050 {121}
7051 {121}
7052 {121}
7053 {122}
7054 {122}
7055 {122}
7056 {122}
7057 {122}
7058 {122}
7059 {122}
7060 {122, 131}
7061 {122}
7062 {122}
7063 {122, 152}
7064 {122}
7065 {122}
7066 {122}
7067 {122}
7068 {122}
7069 {122}
7070 {122}
7071 {122}
7072 {122}
7073 {122}
7074 {122}
7075 {122}
7076 {122}
7077 {122}
7078 {122}
7079 {122}
7080 {122}
7081 {122, 150}
7082 {123}
7083 {123}
7084 {123}
7085 {123}
7086 {123}
7087 {123}
7088 {123}
7089 {123}
7090 {123}
7091 {123}
7092 {123}
7093 {123}
7094 {123}
7095 {123}
7096 {123}
7097 {123}
7098 {123}
7099 {123}
7100 {123}
7101 {123}
7102 {123}
7103 {124}
7104 {124}
7105 {124}
7106 {124}
7107 {124}
7108 {124}
7109 {124}
7110 {124}
7111 {124}
7112 {124}
7113 {124}
7114 {124}
7115 {124}
7116 {124}
7117 {124}
7118 {124}
7119 {124}
7120 {124}
7121 {124}
7122 {124}
7123 {124}
7124 {124}
7125 {124}
7126 {124}
7127 {124}
7128 {124}
7129 {124}
7130 {124}
7131 {124}
7132 {124}
7133 {124, 132}
7134 {124}
7135 {124, 134}
7136 {124}
7137 {124}
7138 {124}
7139 {124}
7140 {124}
7141 {124}
7142 {124}
7143 {124}
7144 {124}
7145 {124}
7146 {124}
7147 {125}
7148 {125}
7149 {125}
7150 {125}
7151 {125}
7152 {125}
7153 {125}
7154 {125}
7155 {125}
7156 {125}
7157 {125, 157}
7158 {125, 148}
7159 {125}
7160 {125}
7161 {125}
7162 {126}
7163 {126, 145}
7164 {126}
7165 {126}
7166 {126}
7167 {126}
7168 {126}
7169 {126}
7170 {126}
7171 {126}
7172 {126}
7173 {126}
7174 {126}
7175 {126}
7176 {126}
7177 {126}
7178 {126}
7179 {126}
7180 {126}
7181 {126}
7182 {126, 152}
7183 {126}
7184 {126}
7185 {126}
7186 {126}
7187 {126}
7188 {126}
7189 {126}
7190 {127}
7191 {127}
7192 {127, 154}
7193 {127}
7194 {127, 153}
7195 {127}
7196 {127}
7197 {127}
7198 {127}
7199 {127}
7200 {127, 130, 137}
7201 {127}
7202 {127}
7203 {127}
7204 {127}
7205 {127}
7206 {127}
7207 {127}
7208 {127, 139}
7209 {127}
7210 {127}
7211 {127}
7212 {127}
7213 {127}
7214 {127}
7215 {127}
7216 {128}
7217 {128, 131}
7218 {128}
7219 {128}
7220 {128}
7221 {128}
7222 {128}
7223 {128}
7224 {128}
7225 {128}
7226 {128}
7227 {128}
7228 {128}
7229 {128}
7230 {128}
7231 {128}
7232 {128}
7233 {128}
7234 {128, 157}
7235 {128}
7236 {128}
7237 {128}
7238 {128}
7239 {128}
7240 {129}
7241 {129}
7242 {129}
7243 {129}
7244 {129}
7245 {129}
7246 {129}
7247 {129}
7248 {129}
7249 {129}
7250 {129}
7251 {129, 134, 145}
7252 {129}
7253 {129}
7254 {129}
7255 {129}
7256 {129}
7257 {129}
7258 {129}
7259 {129}
7260 {129}
7261 {129}
7262 {130, 154}
7263 {130}
7264 {130}
7265 {130, 154}
7266 {130, 145}
7267 {130}
7268 {130}
7269 {130, 146}
7270 {130}
7271 {130}
7272 {130}
7273 {130}
7274 {130}
7275 {130}
7276 {130}
7277 {130}
7278 {130}
7279 {130, 154}
7280 {130}
7281 {130}
7282 {130}
7283 {130}
7284 {130}
7285 {130}
7286 {130}
7287 {130, 139}
7288 {130}
7289 {130}
7290 {130}
7291 {131}
7292 {131, 153}
7293 {131}
7294 {131}
7295 {131}
7296 {131}
7297 {131}
7298 {131}
7299 {131}
7300 {131}
7301 {131}
7302 {131}
7303 {131}
7304 {131}
7305 {131}
7306 {131}
7307 {131}
7308 {131}
7309 {131}
7310 {131}
7311 {131}
7312 {131}
7313 {131}
7314 {131}
7315 {131}
7316 {131}
7317 {131}
7318 {131}
7319 {131}
7320 {131}
7321 {131}
7322 {131}
7323 {131}
7324 {131}
7325 {131}
7326 {131}
7327 {131}
7328 {131, 152}
7329 {131}
7330 {131}
7331 {131}
7332 {131}
7333 {131}
7334 {131}
7335 {131}
7336 {131}
7337 {131}
7338 {131}
7339 {131}
7340 {132}
7341 {132}
7342 {132}
7343 {132}
7344 {132}
7345 {132}
7346 {132}
7347 {132}
7348 {132}
7349 {132}
7350 {132}
7351 {132}
7352 {132}
7353 {132}
7354 {132}
7355 {132}
7356 {132}
7357 {132}
7358 {132}
7359 {132}
7360 {132}
7361 {132}
7362 {132}
7363 {132}
7364 {132}
7365 {132, 156}
7366 {132}
7367 {132}
7368 {132}
7369 {132}
7370 {132}
7371 {132}
7372 {132}
7373 {132, 137}
7374 {132}
7375 {132, 137}
7376 {132}
7377 {133}
7378 {133}
7379 {133}
7380 {133}
7381 {133}
7382 {133}
7383 {133}
7384 {133}
7385 {133}
7386 {133}
7387 {133, 146}
7388 {133}
7389 {133}
7390 {133}
7391 {133}
7392 {133, 146}
7393 {133, 152}
7394 {133}
7395 {133}
7396 {133, 146, 152}
7397 {133, 146}
7398 {133}
7399 {133}
7400 {133}
7401 {133}
7402 {133}
7403 {133}
7404 {133}
7405 {133}
7406 {133}
7407 {134, 141}
7408 {134}
7409 {134}
7410 {134}
7411 {134}
7412 {134}
7413 {134}
7414 {134}
7415 {134}
7416 {134}
7417 {134}
7418 {134}
7419 {134}
7420 {134}
7421 {134}
7422 {134, 141}
7423 {134}
7424 {134}
7425 {135}
7426 {135}
7427 {135}
7428 {135}
7429 {135}
7430 {135}
7431 {135}
7432 {135}
7433 {135}
7434 {135}
7435 {135}
7436 {135}
7437 {135}
7438 {135}
7439 {135}
7440 {135}
7441 {135}
7442 {135}
7443 {135, 143}
7444 {135}
7445 {135}
7446 {136, 141, 142}
7447 {136}
7448 {136, 149}
7449 {136}
7450 {136, 148}
7451 {136}
7452 {136}
7453 {136}
7454 {136}
7455 {136}
7456 {136}
7457 {136}
7458 {136}
7459 {136}
7460 {136}
7461 {136}
7462 {136}
7463 {136}
7464 {136}
7465 {136}
7466 {136}
7467 {136}
7468 {136}
7469 {136}
7470 {136}
7471 {136}
7472 {137}
7473 {137}
7474 {137}
7475 {137}
7476 {137}
7477 {137}
7478 {137, 138}
7479 {137, 141}
7480 {137}
7481 {137}
7482 {137}
7483 {137}
7484 {137}
7485 {137}
7486 {137}
7487 {137}
7488 {137}
7489 {137}
7490 {137}
7491 {137}
7492 {137}
7493 {137}
7494 {137}
7495 {137}
7496 {137}
7497 {137}
7498 {137}
7499 {137}
7500 {137}
7501 {137}
7502 {137}
7503 {137}
7504 {137}
7505 {137}
7506 {137}
7507 {137}
7508 {137}
7509 {137}
7510 {137}
7511 {137}
7512 {137}
7513 {137}
7514 {137}
7515 {137}
7516 {137}
7517 {137}
7518 {137}
7519 {137}
7520 {137}
7521 {137}
7522 {137}
7523 {137}
7524 {137}
7525 {137}
7526 {137}
7527 {137}
7528 {137}
7529 {137}
7530 {137}
7531 {137}
7532 {137}
7533 {137}
7534 {137}
7535 {137}
7536 {137}
7537 {137}
7538 {137}
7539 {137}
7540 {138}
7541 {138}
7542 {138}
7543 {138}
7544 {138, 152}
7545 {138}
7546 {138}
7547 {138}
7548 {138}
7549 {138, 143}
7550 {138}
7551 {138}
7552 {138}
7553 {138}
7554 {138}
7555 {138}
7556 {138}
7557 {138}
7558 {138}
7559 {138}
7560 {138}
7561 {138}
7562 {138}
7563 {139}
7564 {139}
7565 {139, 144}
7566 {139, 144}
7567 {139}
7568 {139}
7569 {139}
7570 {139}
7571 {139}
7572 {139}
7573 {139}
7574 {139, 154}
7575 {139}
7576 {139, 154}
7577 {139}
7578 {139}
7579 {139}
7580 {139}
7581 {139}
7582 {139}
7583 {139}
7584 {139}
7585 {139}
7586 {139}
7587 {139}
7588 {139}
7589 {140, 145}
7590 {140}
7591 {140}
7592 {140}
7593 {140}
7594 {140}
7595 {140}
7596 {140}
7597 {140}
7598 {140}
7599 {140}
7600 {140}
7601 {140}
7602 {140}
7603 {140}
7604 {140}
7605 {140}
7606 {140}
7607 {140}
7608 {140}
7609 {140}
7610 {140}
7611 {140}
7612 {140}
7613 {140}
7614 {140}
7615 {140}
7616 {140}
7617 {141}
7618 {141, 146}
7619 {141}
7620 {141}
7621 {141}
7622 {141}
7623 {141}
7624 {141}
7625 {141}
7626 {141}
7627 {141}
7628 {141}
7629 {141}
7630 {141}
7631 {141}
7632 {141}
7633 {141}
7634 {141, 150}
7635 {141}
7636 {141}
7637 {141}
7638 {141}
7639 {141}
7640 {141}
7641 {141}
7642 {141}
7643 {141}
7644 {141}
7645 {141}
7646 {141}
7647 {141}
7648 {141}
7649 {141}
7650 {141}
7651 {141}
7652 {141}
7653 {141}
7654 {141}
7655 {141, 148}
7656 {141}
7657 {141}
7658 {141}
7659 {141, 143}
7660 {141}
7661 {141}
7662 {141}
7663 {141}
7664 {141}
7665 {141}
7666 {141}
7667 {141}
7668 {141}
7669 {142}
7670 {142}
7671 {142}
7672 {142}
7673 {142}
7674 {142}
7675 {142}
7676 {142}
7677 {142}
7678 {142}
7679 {142}
7680 {142}
7681 {142}
7682 {142}
7683 {142}
7684 {143}
7685 {143}
7686 {143}
7687 {143}
7688 {143}
7689 {143}
7690 {143}
7691 {143}
7692 {143}
7693 {143}
7694 {143}
7695 {143}
7696 {143}
7697 {143}
7698 {143, 155}
7699 {143, 147}
7700 {143}
7701 {143}
7702 {143}
7703 {143}
7704 {143}
7705 {144}
7706 {144}
7707 {144}
7708 {144}
7709 {144}
7710 {144}
7711 {144}
7712 {144}
7713 {144}
7714 {144}
7715 {144}
7716 {144}
7717 {144}
7718 {144}
7719 {144}
7720 {144}
7721 {144}
7722 {144}
7723 {144}
7724 {144}
7725 {144}
7726 {144}
7727 {144}
7728 {144}
7729 {144}
7730 {144}
7731 {144}
7732 {144, 152}
7733 {144}
7734 {144}
7735 {145}
7736 {145}
7737 {145}
7738 {145}
7739 {145, 147}
7740 {145}
7741 {145}
7742 {145}
7743 {145}
7744 {145}
7745 {145}
7746 {145}
7747 {145}
7748 {145}
7749 {145}
7750 {145}
7751 {145}
7752 {145}
7753 {145}
7754 {145}
7755 {145}
7756 {145}
7757 {145}
7758 {146}
7759 {146}
7760 {146}
7761 {146}
7762 {146}
7763 {146}
7764 {146}
7765 {146}
7766 {146}
7767 {146}
7768 {146}
7769 {146}
7770 {146}
7771 {146}
7772 {146}
7773 {146}
7774 {146}
7775 {146}
7776 {146}
7777 {146}
7778 {146}
7779 {146}
7780 {146, 147}
7781 {146}
7782 {146}
7783 {147}
7784 {147}
7785 {147}
7786 {147}
7787 {147}
7788 {147}
7789 {147}
7790 {147}
7791 {147}
7792 {147}
7793 {147}
7794 {147}
7795 {147}
7796 {147}
7797 {147}
7798 {147}
7799 {147}
7800 {147}
7801 {147}
7802 {147, 156}
7803 {147}
7804 {147}
7805 {147}
7806 {147}
7807 {147}
7808 {147}
7809 {148}
7810 {148}
7811 {148, 157}
7812 {148}
7813 {148}
7814 {148, 156}
7815 {148}
7816 {148}
7817 {148}
7818 {148}
7819 {148}
7820 {148}
7821 {148}
7822 {148}
7823 {148}
7824 {148}
7825 {148}
7826 {148}
7827 {148}
7828 {148}
7829 {148}
7830 {148}
7831 {148}
7832 {148}
7833 {148}
7834 {148}
7835 {148}
7836 {148}
7837 {148}
7838 {148}
7839 {148}
7840 {148}
7841 {148}
7842 {148}
7843 {148}
7844 {148}
7845 {148}
7846 {148}
7847 {149}
7848 {149, 152}
7849 {149}
7850 {149}
7851 {149}
7852 {149}
7853 {149}
7854 {149}
7855 {149}
7856 {149}
7857 {149}
7858 {149}
7859 {149}
7860 {149}
7861 {149}
7862 {149}
7863 {149}
7864 {149}
7865 {149}
7866 {150}
7867 {150}
7868 {150}
7869 {150}
7870 {150}
7871 {150}
7872 {150}
7873 {150}
7874 {150}
7875 {150}
7876 {150}
7877 {150}
7878 {150}
7879 {150}
7880 {150}
7881 {150}
7882 {150}
7883 {150}
7884 {150}
7885 {150}
7886 {150}
7887 {150}
7888 {150}
7889 {150}
7890 {150}
7891 {150}
7892 {150}
7893 {150}
7894 {150}
7895 {150}
7896 {150}
7897 {150}
7898 {150}
7899 {150}
7900 {150}
7901 {150}
7902 {150}
7903 {150}
7904 {150}
7905 {150}
7906 {150}
7907 {150}
7908 {150}
7909 {150}
7910 {151}
7911 {151}
7912 {151, 157}
7913 {151}
7914 {151}
7915 {151}
7916 {151}
7917 {151}
7918 {151}
7919 {151}
7920 {151}
7921 {151}
7922 {151}
7923 {151}
7924 {152}
7925 {152}
7926 {152}
7927 {152}
7928 {152}
7929 {152}
7930 {152}
7931 {152}
7932 {152}
7933 {152}
7934 {152}
7935 {152}
7936 {152}
7937 {152}
7938 {152}
7939 {152}
7940 {152}
7941 {152}
7942 {152}
7943 {152}
7944 {152}
7945 {152}
7946 {152}
7947 {152}
7948 {152}
7949 {152}
7950 {152}
7951 {152}
7952 {152}
7953 {152}
7954 {152}
7955 {152}
7956 {152}
7957 {152}
7958 {152, 153}
7959 {152}
7960 {152}
7961 {152}
7962 {152}
7963 {152}
7964 {152}
7965 {152}
7966 {152}
7967 {152}
7968 {152}
7969 {152}
7970 {152}
7971 {152}
7972 {152}
7973 {152}
7974 {152}
7975 {152}
7976 {152}
7977 {152}
7978 {152}
7979 {152}
7980 {152}
7981 {152}
7982 {152}
7983 {152}
7984 {152}
7985 {152}
7986 {152, 156}
7987 {152}
7988 {152}
7989 {152}
7990 {152}
7991 {152}
7992 {152}
7993 {152}
7994 {152}
7995 {152}
7996 {152}
7997 {152}
7998 {152}
7999 {152}
8000 {152}
8001 {152}
8002 {152}
8003 {152}
8004 {152}
8005 {152}
8006 {152}
8007 {152}
8008 {152}
8009 {152}
8010 {152}
8011 {152}
8012 {152}
8013 {152}
8014 {152}
8015 {152}
8016 {153}
8017 {153}
8018 {153}
8019 {153}
8020 {153}
8021 {153}
8022 {153}
8023 {153}
8024 {153}
8025 {153}
8026 {153}
8027 {153}
8028 {153}
8029 {153}
8030 {153}
8031 {153}
8032 {153}
8033 {153}
8034 {153}
8035 {153}
8036 {153}
8037 {153}
8038 {153}
8039 {153}
8040 {153}
8041 {153}
8042 {153}
8043 {153}
8044 {153}
8045 {153}
8046 {153}
8047 {153}
8048 {153}
8049 {153}
8050 {153, 157}
8051 {153}
8052 {153}
8053 {153}
8054 {153}
8055 {153}
8056 {153}
8057 {154}
8058 {154}
8059 {154}
8060 {154}
8061 {154}
8062 {154}
8063 {154}
8064 {154}
8065 {154}
8066 {154}
8067 {154}
8068 {154}
8069 {154}
8070 {154}
8071 {154}
8072 {154}
8073 {154}
8074 {155}
8075 {155}
8076 {155}
8077 {155}
8078 {155}
8079 {155}
8080 {155}
8081 {155}
8082 {155}
8083 {155}
8084 {155}
8085 {155}
8086 {155}
8087 {155}
8088 {155}
8089 {155}
8090 {155}
8091 {155}
8092 {155}
8093 {155}
8094 {155}
8095 {156}
8096 {156}
8097 {156}
8098 {156}
8099 {156}
8100 {156}
8101 {156}
8102 {156}
8103 {156}
8104 {156}
8105 {156}
8106 {156}
8107 {156}
8108 {156}
8109 {156}
8110 {156}
8111 {156, 157}
8112 {156}
8113 {156}
8114 {156}
8115 {156}
8116 {156}
8117 {156}
8118 {156}
8119 {157}
8120 {157}
8121 {157}
8122 {157}
8123 {157}
8124 {157}
8125 {157}
8126 {157}
8127 {157}
8128 {157}
8129 {157}
8130 {157}
8131 {157}
8132 {157}
8133 {157}
8134 {157}
8135 {157}
8136 {157}
8137 {157}
8138 {157}
8139 {157}
8140 {157}
8141 {157}
8142 {157}
8143 {157}
8144 {157}
8145 {157}
8146 {157}
8147 {158}
8148 {158}
8149 {158}
8150 {158}
8151 {158}
8152 {158}
8153 {158}
8154 {158}
8155 {158}
8156 {158}
8157 {158}
8158 {158}
8159 {158}
8160 {158}
