1 {628, 630, 631, 633, 635, 639, 640, 642, 647, 648, 652, 654, 666, 667, 669, 676, 678, 681, 683, 686, 690, 691, 695, 696, 706, 708}
2 {633}
3 {634, 636, 650, 653, 655, 660, 665, 667, 681, 691}
4 {630, 633, 647, 648, 681}
7 {632, 637, 644, 650, 652, 666}
8 {629, 640, 642, 647, 656, 657, 658, 660, 661, 664, 670, 674, 678, 679, 688, 691, 692, 701, 704, 708}
9 {647}
10 {644, 650, 666, 688, 695, 707, 709}
11 {639, 654, 656, 670, 684, 695, 702, 709}
12 {647, 652, 654, 664, 674, 676, 681, 683, 686, 693, 697}
13 {654, 696}
15 {635, 636, 639, 646, 647, 648, 652, 654, 656, 657, 668, 673, 674, 686, 694, 696, 703}
16 {639, 641, 642, 645, 647, 656, 657, 660, 666, 673, 675, 677, 678, 680, 697, 704, 707, 708, 709}
19 {631, 633, 645, 647, 648, 650, 653, 655, 657, 659, 660, 668, 671, 676, 678, 679, 680, 682, 683, 684, 689, 691, 692, 695, 699, 703, 704, 709}
20 {647, 648, 681, 697, 701}
21 {647}
24 {635, 637, 640, 642, 647, 650, 656, 666, 669, 671, 672, 676, 684, 685, 686, 708}
26 {630, 631, 632, 634, 635, 636, 637, 639, 640, 641, 642, 643, 644, 645, 646, 647, 650, 651, 653, 654, 655, 656, 657, 659, 660, 664, 665, 666, 668, 669, 670, 671, 672, 674, 677, 678, 680, 683, 685, 686, 687, 689, 690, 695, 696, 697, 700, 702, 706, 707, 708, 709}
27 {628, 630, 633, 637, 639, 640, 642, 647, 648, 650, 653, 654, 656, 659, 660, 669, 671, 672, 676, 678, 683, 686, 688, 690, 703, 706, 708}
28 {637, 660, 662}
29 {631, 634, 642, 644, 670, 680, 696, 697}
30 {629, 630, 631, 632, 634, 635, 636, 639, 640, 643, 650, 651, 654, 655, 656, 659, 660, 664, 666, 669, 671, 676, 678, 680, 684, 686, 687, 695, 696, 704, 708, 709}
32 {630, 642, 647, 648, 652, 677, 700}
33 {708}
34 {639, 649, 650, 651, 652, 653, 656, 657, 669, 676, 686, 689, 695, 709}
37 {700, 708}
38 {628, 636, 639, 640, 649, 651, 652, 653, 661, 662, 667, 669, 674, 682, 693, 696, 699, 701, 707, 710}
39 {630, 634, 637, 641, 645, 648, 669, 685, 704}
40 {629, 647, 684}
41 {705}
42 {630, 632, 633, 644, 646, 655, 675, 678, 684, 690, 691, 693, 695, 699, 706, 708}
44 {630, 632, 633, 636, 638, 639, 647, 648, 654, 657, 660, 669, 677, 681, 690, 695, 696, 707}
45 {642, 666, 669}
46 {633, 674, 696}
47 {636, 671, 694}
48 {647}
50 {630, 641, 647, 650, 654, 659, 662, 663, 669, 691, 695, 700, 706, 707, 708}
52 {629, 642, 657, 662}
53 {633, 634, 640, 644, 647, 650, 659, 666, 672, 678, 684, 686, 690, 695, 708}
54 {649, 684}
56 {628, 630, 631, 632, 633, 634, 636, 637, 639, 640, 647, 648, 649, 650, 651, 653, 654, 655, 657, 659, 660, 666, 667, 668, 670, 672, 677, 678, 681, 684, 685, 686, 687, 690, 691, 695, 696, 697, 699, 703, 704, 707, 708}
58 {628, 630, 633, 638, 641, 647, 652, 654, 657, 659, 665, 668, 677, 678, 685, 689, 690, 692, 696, 697, 702, 707}
60 {631, 634, 636, 639, 642, 653, 654, 656, 677, 678, 679, 680, 686, 688, 690, 708}
62 {675, 681}
63 {629, 630, 635, 640, 647, 654, 658, 663, 671, 672, 677, 679, 680, 681, 685, 686, 689, 693, 706}
64 {637, 656, 686}
65 {632, 636, 641, 642, 644, 657, 666, 674, 678, 703, 709}
67 {685, 689}
68 {634, 681, 703}
69 {633, 641, 649, 650, 651, 652, 658, 659, 680, 693, 703}
70 {633, 634, 635, 639, 640, 642, 645, 647, 648, 649, 650, 652, 654, 655, 657, 659, 660, 661, 662, 684, 685, 688, 702, 703, 704, 707, 708}
72 {652}
73 {629, 631, 639, 643, 644, 653, 654, 667, 678, 685, 690, 696, 702, 703, 710}
74 {630, 632, 633, 634, 635, 636, 637, 639, 640, 641, 642, 643, 646, 647, 648, 651, 653, 654, 655, 658, 659, 660, 669, 676, 678, 681, 684, 685, 687, 688, 690, 691, 695, 696, 699, 701, 703, 704, 706, 707, 708, 709}
76 {633, 636, 647, 658, 669, 681, 690, 693, 702}
77 {659, 681}
79 {629, 634, 639, 641, 649, 651, 655, 656, 657, 666, 670, 672, 679, 688, 689, 695, 700, 708}
80 {676, 703}
82 {635, 645, 650, 659, 663, 669, 690, 696, 697}
83 {640}
84 {652, 658, 696}
85 {634, 648, 678, 681}
89 {647, 669, 685, 690}
90 {641, 647, 657, 684, 701}
91 {652, 702}
93 {643, 664, 669, 676, 678, 686}
94 {634, 643, 651, 652, 654, 661, 666, 667, 669, 671, 674, 683, 687, 690, 695, 696, 697, 698, 699, 706, 707, 708, 710}
97 {654}
98 {629, 632, 635, 636, 637, 641, 642, 644, 645, 647, 650, 659, 673, 675, 684, 691, 695, 698, 699, 703}
99 {635, 639, 641, 654, 666, 667, 669, 676, 686, 708}
100 {631, 639, 642, 651, 653, 654, 656, 658, 661, 671, 672, 677, 680, 681, 690, 692, 696, 702, 703, 704, 707, 709, 710}
101 {629, 631, 638, 654, 655, 656, 669}
102 {631, 646, 654, 655, 656, 666, 676}
105 {632, 640, 642, 666, 683, 687, 707}
106 {695}
107 {642, 674, 705}
109 {643, 651}
110 {655, 678, 684, 690}
111 {634, 635, 695}
112 {647}
113 {636, 637}
116 {678}
117 {640}
119 {659}
120 {630, 640, 654, 655, 656, 669, 676, 679, 690, 696, 697, 703}
125 {653}
126 {639, 652, 670, 677, 697}
129 {671, 675, 681, 682, 684, 704, 709}
130 {633, 636, 639, 645, 646, 649, 651, 653, 654, 658, 660, 663, 664, 665, 671, 675, 677, 681, 682, 693, 694, 700, 701, 702, 703, 704, 709}
131 {640, 695, 703}
132 {704}
133 {631, 650}
135 {631, 635, 639, 640, 643, 645, 650, 654, 680, 681, 695, 706, 709}
136 {637, 641, 645, 647, 652, 665, 671, 674, 709}
137 {634, 636, 644, 647, 649, 650, 653, 654, 660, 661, 663, 666, 667, 669, 671, 676, 678, 681, 683, 685, 686, 689, 696, 697, 703, 704, 705, 707, 710}
138 {634, 649, 696}
139 {632, 651, 664, 667, 669, 679, 681, 683, 696, 701}
141 {709}
142 {644}
143 {632, 647, 676, 707, 708}
145 {646, 648, 651, 657, 662, 665, 670, 673, 675, 677, 682, 685, 702}
146 {628, 682}
147 {682}
148 {682}
149 {646, 677, 699}
150 {630, 631, 636, 644, 648, 654, 671, 685, 686, 691, 695}
151 {634, 639, 642, 660, 663, 666, 682, 683, 706}
152 {682}
154 {629, 630, 631, 635, 637, 639, 654, 655, 665, 666, 667, 668, 669, 670, 672, 676, 683, 685, 686, 687, 688, 690, 691, 693, 694, 695, 696, 706, 707, 708, 709}
155 {650, 670}
157 {652}
158 {636, 651, 658, 671, 677, 681, 682, 694, 702, 709}
159 {701}
160 {636, 702}
161 {682, 694, 700}
162 {633, 668, 671, 678, 682, 707}
163 {631, 632, 634, 638, 639, 642, 643, 644, 650, 654, 655, 659, 660, 665, 669, 671, 672, 676, 678, 683, 686, 687, 688, 689, 696, 697, 703, 704}
164 {661, 665, 674, 691, 692, 702}
166 {629, 639, 655, 658, 683}
167 {630, 631, 632, 633, 634, 635, 637, 639, 640, 641, 642, 645, 647, 648, 650, 655, 657, 661, 662, 663, 666, 670, 674, 677, 678, 685, 686, 695, 698, 706, 708, 709}
168 {664, 682}
169 {633, 634, 635, 637, 638, 639, 643, 647, 648, 649, 651, 653, 657, 658, 661, 665, 668, 670, 674, 675, 676, 680, 691, 693, 701, 702}
170 {639, 666, 669, 676, 683, 690, 695, 696, 697}
171 {640, 644, 646, 648, 651, 657, 662, 665, 670, 673, 675, 677, 682, 685, 702}
172 {631, 637, 639, 641, 650, 653, 663, 666, 682, 684, 689, 695, 707, 708}
173 {692, 702}
175 {637}
176 {629}
178 {646, 665, 675, 682, 683, 687}
181 {658, 682}
182 {632}
183 {665, 675, 702}
185 {668, 701}
186 {640, 646, 651, 665, 670, 675, 682}
187 {665}
189 {639, 649}
190 {629, 630, 631, 632, 634, 643, 644, 646, 647, 651, 652, 653, 670, 674, 681, 682, 686, 698, 707}
191 {689}
192 {682}
195 {667, 703, 704, 707}
196 {639}
197 {699}
199 {660, 691}
200 {687, 690, 692}
202 {687, 700}
204 {668}
205 {639, 658, 665, 675, 682, 693}
206 {628, 629, 630, 631, 632, 633, 634, 635, 636, 637, 639, 640, 641, 642, 643, 644, 645, 646, 647, 648, 649, 650, 651, 652, 653, 654, 655, 656, 657, 658, 659, 660, 661, 662, 663, 665, 666, 667, 668, 669, 674, 675, 677, 678, 680, 682, 684, 685, 686, 687, 688, 689, 693, 694, 695, 696, 697, 698, 699, 700, 702, 703, 704, 706, 707, 708, 709, 710}
207 {693}
209 {664, 680}
211 {694, 698}
214 {632, 634, 641, 642, 643, 650, 651, 652, 660, 670, 674, 677, 685, 686, 687, 690, 691, 695, 696, 709, 710}
215 {641, 660, 670, 677, 688, 690, 708}
216 {667}
218 {673}
219 {640, 655}
222 {629, 639, 647, 649, 653, 655, 659, 661, 666, 671, 674, 678, 690, 691, 692, 699, 708}
223 {628, 637, 665}
224 {630, 631, 632, 634, 635, 636, 639, 643, 651, 653, 654, 655, 659, 661, 664, 665, 672, 674, 676, 677, 678, 682, 686, 689, 697, 702, 709, 710}
225 {628, 701, 703, 707}
226 {629, 664, 682}
227 {664}
228 {664, 673, 682}
229 {629, 653}
230 {701}
232 {646, 693}
233 {646, 652, 662}
235 {671, 701}
236 {633, 639, 640, 643, 645, 646, 647, 649, 650, 654, 658, 661, 664, 689, 691, 702}
237 {630, 658, 661, 684, 695, 697}
238 {632, 637, 642, 650, 657, 660, 680, 688, 697, 706}
239 {631, 649, 689, 708, 710}
241 {646}
242 {663}
243 {631, 636, 648, 653, 667, 669, 673, 675, 679, 692, 697, 704, 710}
244 {629, 639, 644, 645, 654, 664, 667, 671, 675, 679, 684, 687, 690, 692, 696, 697, 699, 704, 707}
245 {651}
246 {645, 673, 674, 690, 692, 702, 705}
248 {649, 686}
250 {636, 640, 642, 643, 655, 661, 664, 668, 669, 674, 688, 695, 698, 699, 700, 708, 710}
251 {636, 642, 643, 646, 655, 664, 669, 670, 686, 688, 695, 699, 700, 708, 710}
252 {630, 632, 634, 639, 663, 666, 683, 689}
253 {646}
255 {653, 666, 693, 701}
256 {696}
260 {677, 681}
261 {630, 635, 643, 645, 649, 655, 661, 667, 668, 669, 673, 674, 680, 687, 692, 699}
262 {630, 636, 641, 646, 651, 653, 659, 661, 684, 691, 700, 709}
263 {669, 692}
267 {641, 651, 692, 697}
268 {646, 664, 680, 682}
273 {644, 691}
275 {648, 657, 687, 703, 706}
277 {629, 630, 631, 634, 635, 638, 641, 643, 645, 646, 650, 651, 654, 655, 658, 660, 662, 664, 668, 670, 671, 672, 673, 674, 678, 679, 680, 681, 683, 684, 691, 692, 694, 698, 700, 704, 709, 710}
278 {629, 634, 635, 638, 641, 643, 645, 655, 660, 668, 670, 671, 672, 673, 678, 679, 680, 681, 683, 684, 691, 692, 694, 696, 699, 704, 706}
280 {675}
283 {640, 648, 651, 662, 665, 670, 677, 682, 702}
284 {658, 675, 682, 693}
285 {648, 676, 677, 694, 698}
286 {694, 698}
288 {675, 702}
289 {633}
290 {639, 676, 680}
291 {634, 645, 646, 649, 650, 657, 663, 664, 665, 682, 698, 703, 709}
293 {652}
294 {682}
295 {682}
297 {647, 650, 657, 693, 700, 702, 709}
301 {682}
303 {682}
304 {675}
306 {628}
307 {635, 639, 642, 646, 649, 659, 662, 665, 667, 669, 670, 672, 675, 677, 680, 683, 685, 687, 692, 693, 696, 702, 706}
308 {653, 656, 676}
310 {642}
312 {653, 691, 694, 698}
313 {637, 651, 661, 663, 669, 670, 681, 685}
314 {647, 660, 672}
317 {664, 673, 680, 694, 698}
320 {630, 653}
322 {659, 664}
323 {661, 665, 674, 675, 693}
324 {633, 647, 658, 671, 682, 684, 691, 709}
325 {709}
327 {637, 647, 648, 654, 657, 686, 708}
329 {640, 660, 667, 669, 678, 686, 690, 710}
332 {639, 641, 647, 650, 654, 657, 669, 673, 674, 675, 680, 684, 687, 691, 693, 697, 698, 701, 710}
333 {650, 653, 680, 694, 698, 710}
334 {633, 636, 637, 652, 656, 657, 659, 663, 667, 668, 674, 688, 692, 701, 702}
336 {651, 661, 670, 674, 698}
337 {628, 631, 632, 633, 634, 637, 639, 640, 641, 642, 644, 647, 650, 651, 652, 655, 656, 659, 660, 661, 666, 667, 669, 671, 672, 676, 677, 678, 680, 685, 688, 690, 691, 694, 695, 696, 697, 699, 704, 707, 710}
338 {637, 674, 675, 679, 682, 692, 694, 698, 704}
341 {658}
343 {677, 678}
344 {680, 686}
345 {630, 634, 641, 642, 647, 648, 659, 664, 672, 683, 686, 706}
346 {658, 660, 675, 680}
348 {661, 674}
350 {641, 667, 680, 686, 687, 703}
351 {650, 674, 680, 686}
352 {693}
353 {636, 640, 643, 651}
354 {680}
355 {635, 636, 646, 663, 668, 669, 677, 691, 707, 710}
356 {647, 650, 658, 677, 689, 693, 703}
357 {636}
358 {635, 644, 650, 669, 670, 676, 690, 692}
359 {640, 645, 647, 652, 661, 662, 663, 680, 683, 693, 699, 704}
360 {674, 692, 708}
361 {637, 643, 661, 680, 697, 698}
362 {635, 636, 644, 648, 651, 654, 661, 664, 665, 674, 677, 681, 686, 697, 708}
364 {636, 640, 643, 651, 661, 671, 677, 698}
365 {674}
367 {650}
368 {645, 679}
369 {696}
370 {636, 647, 668, 673, 685}
371 {677}
372 {678, 680, 693, 709}
373 {629, 631, 632, 634, 637, 639, 641, 642, 645, 647, 658, 659, 663, 664, 667, 670, 673, 674, 675, 677, 679, 684, 687, 689, 693, 695, 702, 710}
374 {651, 668, 685, 690, 696, 704}
376 {644, 657}
377 {639, 645, 662, 677, 680, 685, 696, 703}
380 {637, 642, 650}
381 {673, 705, 706}
382 {692, 698}
383 {662, 683, 702}
385 {680}
386 {662}
393 {668, 671}
394 {650, 675, 681, 685, 709}
397 {655, 659, 702}
398 {701}
399 {632, 634, 678, 684}
401 {639, 653, 689}
402 {641, 645, 648, 652, 658, 667, 669, 678, 682, 684, 685, 686, 688, 703, 704, 706, 707, 708}
403 {639, 640, 651, 661, 662, 664, 665, 670, 671, 673, 674, 681, 692, 702}
405 {647, 651, 652, 653, 676, 681, 689, 690, 697}
406 {644, 648, 649, 681, 704}
407 {636, 660, 700}
409 {656, 668, 669, 679, 690}
410 {634, 649, 660, 668, 687, 690}
412 {631, 636, 639, 646, 653, 666, 673, 679, 685, 691, 700, 708}
413 {631, 639, 646, 650, 664, 666, 673, 677, 681, 693, 695, 708}
414 {642, 677, 700}
416 {630, 631, 634, 646, 653, 654, 660, 661, 669, 671, 672, 674, 676, 683, 685, 686, 688, 690, 696, 701, 702, 704, 710}
417 {656, 666, 683, 687, 689}
420 {646, 647, 648, 651, 659, 671, 675, 682, 684, 691, 704}
421 {634, 643, 652, 675, 704}
422 {648, 676, 686}
423 {630, 631, 632, 633, 634, 635, 636, 637, 640, 641, 642, 643, 644, 646, 647, 648, 650, 651, 652, 653, 654, 655, 656, 657, 658, 659, 660, 661, 663, 664, 669, 671, 672, 674, 677, 678, 679, 680, 681, 684, 686, 687, 691, 693, 695, 696, 697, 706, 707, 708, 709, 710}
424 {634, 640, 641, 642, 651, 660, 671, 678, 685, 697, 704, 710}
425 {629, 630, 631, 634, 651, 655, 659, 660, 661, 663, 669, 671, 677, 679, 680, 681, 689, 693, 700, 701, 702, 704}
426 {646, 653, 655, 659, 663, 684, 691, 694}
429 {651, 654, 659, 671, 681, 697}
432 {643, 673, 678, 698}
433 {629, 643, 686}
434 {643}
438 {654, 671, 709}
439 {640, 650, 651, 665, 672, 676}
440 {671, 704}
442 {633, 647, 671, 682, 684, 691, 709}
443 {633, 642, 657, 663, 668, 671, 677, 678, 679, 684, 685, 688, 691, 697, 703, 709}
445 {644, 645, 649, 656, 667, 674, 678, 696}
446 {652, 660, 678, 697}
450 {637, 641, 645, 661, 664, 670, 671, 674, 687, 690, 693, 697, 703, 707}
452 {656, 672}
453 {667, 669, 679, 687, 707}
454 {628, 631, 634, 635, 638, 644, 646, 648, 652, 655, 656, 659, 660, 664, 665, 669, 672, 673, 676, 682, 683, 684, 685, 686, 694, 695, 696, 699, 702, 708}
455 {629, 631, 639, 645, 647, 650, 654, 669, 676, 678, 680, 681, 685, 686, 689, 695, 699, 707, 708}
456 {628, 652, 669, 676, 686, 695, 696, 699, 708}
457 {686}
459 {660, 669, 699}
460 {656}
461 {647, 660, 667, 673, 689}
464 {634, 645, 649, 651, 660, 666, 667, 670, 678, 688, 695, 697, 699, 704}
465 {634, 650, 652, 653, 654, 660, 662, 666, 667, 678, 680, 683, 685, 688, 689, 693, 696, 697, 704}
468 {651, 660, 669, 671, 678, 679, 685, 693, 696}
469 {671, 685}
470 {684, 695}
471 {644, 647, 649, 655, 656, 659, 673, 674, 687, 708}
472 {677, 695}
473 {639, 643, 660, 666, 668, 673, 679, 689, 697, 707}
474 {642, 654, 657, 659, 668, 674, 684, 691, 695}
475 {642, 673, 684, 702}
476 {635, 644, 647, 655, 659, 663, 684, 706}
477 {634, 645}
478 {641, 645, 647, 652, 685, 688}
479 {654, 660, 669, 676, 699, 704}
480 {630, 634, 659, 666, 667, 679, 683, 706}
481 {630, 632, 633, 634, 637, 641, 642, 644, 647, 648, 650, 652, 653, 654, 655, 656, 660, 666, 667, 669, 671, 672, 676, 686, 687, 688, 690, 695, 697, 698, 703, 706, 708}
483 {641, 696, 697}
484 {630, 632, 633, 635, 644, 647, 650, 659, 663, 678, 684, 695, 700}
485 {628, 665, 685, 686}
486 {660, 663, 679, 696, 697}
487 {635, 636, 641, 642, 644, 650, 655, 657, 659, 666, 669, 670, 672, 678, 687, 688, 689, 695, 699, 707, 708}
488 {629, 636, 655, 658, 659, 666, 693, 709}
489 {629, 633, 638, 646, 654, 658, 675, 691, 693, 702}
491 {652, 665, 708}
492 {630, 669, 678, 680, 695, 696, 706}
493 {662, 663, 687}
494 {635, 661, 663, 666, 669, 674, 680, 683, 689, 695, 697, 706, 707, 708}
496 {665}
497 {630, 634, 639, 642, 644, 647, 659, 666, 672, 681, 685, 689, 691, 697, 700, 704}
498 {630, 689, 690, 707, 708}
499 {634, 652, 660, 662, 666, 678, 696, 697}
500 {707}
501 {653, 655, 666, 681, 695, 696}
506 {659, 668, 699}
507 {669}
510 {644, 646, 663, 701}
511 {659, 667, 669, 679, 699, 704}
512 {645, 658}
513 {639, 661, 681}
515 {688}
516 {640, 650, 680, 687, 695, 696, 708, 709}
518 {687, 707}
519 {661}
521 {634, 644, 650, 652, 666, 683, 695, 699, 706, 707, 708}
522 {630, 634, 635, 640, 641, 644, 647, 648, 649, 666, 672, 696}
523 {630, 681, 691, 699, 703}
524 {633, 638, 639, 645, 667, 675, 695, 706, 708}
525 {707}
531 {630, 633, 634, 642, 643, 655, 696, 704}
532 {704}
534 {665}
536 {640, 677, 696}
537 {709}
538 {630, 633, 634, 635, 636, 640, 641, 642, 648, 649, 650, 653, 655, 656, 659, 661, 665, 677, 684, 693, 701, 702, 707, 708}
539 {683, 699, 706}
545 {635, 636, 647, 660, 684, 691, 692, 693, 709}
546 {634, 635, 636, 639, 647, 651, 655, 660, 667, 672, 675, 685, 704}
553 {641}
554 {630, 640, 645, 654, 657, 660, 661, 664, 665, 671, 674, 681, 685, 691, 704}
555 {682}
556 {700}
557 {649}
558 {690}
559 {628, 629, 633, 641, 647, 653, 661, 668, 669, 670, 693, 695, 700, 708}
560 {662, 683, 690, 696}
561 {634, 635, 640, 642, 647, 651, 661, 669, 674, 689, 696, 700}
562 {630, 653, 662, 663, 678, 681}
563 {633, 673, 679, 680, 691}
568 {677}
569 {647}
570 {651, 655, 670, 678, 693}
571 {645, 658, 659, 681, 699, 703, 709}
573 {647, 655, 657, 685, 691}
576 {657, 700}
578 {642, 648, 700}
579 {644, 648, 657, 661, 685, 704}
580 {639, 658, 685}
581 {630, 633, 642, 658, 660, 677, 680, 699, 708}
583 {658, 673, 681}
585 {704}
589 {645, 649, 685, 700}
593 {675, 682, 685}
595 {667, 682}
596 {635, 640, 645, 651, 654, 662, 670, 674, 675, 677, 681, 682, 698, 702}
600 {634, 635, 641, 650, 653, 655, 660, 663, 672, 697, 702}
601 {693, 701}
604 {639, 664, 670, 710}
606 {640, 644, 648, 668, 681, 685, 705}
608 {629}
610 {677}
613 {706}
615 {648}
617 {647}
618 {680}
620 {646, 664, 665, 675, 691, 693, 701, 702}
625 {645, 649, 694}
626 {696}
627 {696}
628 {655}
630 {633, 642, 653, 675}
635 {639}
636 {631, 639, 645, 646, 649, 661, 665, 674, 681, 692, 693, 697}
638 {639, 646, 650}
640 {650, 680, 693}
644 {700, 701}
645 {641, 643, 661, 672, 675, 676, 677}
649 {666, 668, 675, 682}
652 {675}
653 {665, 676, 680}
655 {677, 682, 692, 694, 701}
656 {639, 702}
657 {647, 660, 675, 693, 697}
658 {630, 639, 665, 670}
664 {665, 670}
666 {640, 643, 651}
667 {628, 631, 635, 636, 639, 646, 647, 648, 650, 651, 652, 662, 666, 675, 677, 681, 691, 695, 697, 704}
668 {650, 709}
670 {629}
675 {665}
677 {628, 652, 662, 667, 670, 677, 680, 697, 700}
678 {642, 644, 664, 692, 701}
679 {628, 639, 658, 661, 662, 665, 667, 673, 674, 681, 699, 702, 707}
680 {633, 636, 645, 656, 658, 671, 675, 681, 684, 691, 693, 700, 709}
681 {674, 693}
682 {630, 649, 664}
684 {637, 640, 646, 653, 658, 665, 670, 675, 680, 682, 683, 703, 709}
685 {637, 652, 656, 685, 689, 694, 697, 698, 703}
687 {639, 666, 672, 673, 680, 681}
689 {673}
690 {639}
692 {631, 657, 702}
694 {647, 656, 657, 671, 673, 688, 689, 710}
695 {664}
696 {665}
697 {633, 636, 650, 653, 658, 681, 685, 693, 696, 697}
700 {650, 657, 658, 664, 666, 667, 680, 681, 696, 702}
702 {652}
705 {670, 696, 707}
708 {689}
709 {658, 691}
710 {637, 643, 645, 658, 660, 666, 695, 696, 699, 707}
712 {673, 708}
715 {664, 702}
717 {630, 633, 650, 658, 674, 691, 697, 707}
719 {636, 658, 660, 674, 677, 678, 707}
720 {646, 671, 691, 697}
721 {640}
723 {643, 651, 663}
727 {628, 651}
728 {669}
731 {632, 635, 642, 646, 652, 665, 683, 685, 688, 698, 699, 702, 706}
732 {686}
734 {645, 656, 663, 669, 671, 686, 709}
735 {658, 664, 665}
736 {629, 630, 634, 648, 649, 653, 664, 665, 667, 672, 676, 677, 692}
737 {637}
738 {651}
739 {681}
740 {658}
741 {664, 673, 699}
742 {650, 661, 662, 670, 672, 687, 689}
743 {628, 634, 646, 659, 682, 683, 686}
747 {640, 654, 673, 674, 679}
750 {664}
754 {647}
757 {636}
758 {630, 635, 636, 641, 648, 654, 655, 661, 663, 667, 707, 710}
762 {652, 708}
765 {658}
767 {673, 694}
769 {639, 642, 689}
770 {628, 629, 635, 642, 643, 645, 658, 660, 668, 669, 671, 681, 684, 691, 692, 696, 699, 704, 707}
772 {629}
775 {629, 645, 646, 652, 654, 670, 677, 690, 699, 700}
777 {640, 654, 698}
778 {640, 646, 657, 665, 670, 673, 675, 677, 685, 702}
779 {640, 646, 657, 665, 670, 673, 675, 677, 685, 702}
780 {693}
782 {631, 632, 639, 640, 643, 660, 669, 683, 685, 686, 687, 690, 696, 699, 704, 708, 710}
783 {635, 637, 652, 654, 656, 685}
784 {634, 636, 637, 639, 645, 664, 665, 670, 695, 696, 707}
788 {663, 679}
789 {702}
790 {637, 664}
792 {649, 696, 699}
793 {630}
795 {628, 631, 639, 640, 643, 650, 652, 653, 658, 659, 661, 666, 676, 680, 683, 685, 686, 688, 693, 695, 699}
797 {640, 662}
799 {634, 639, 643, 646, 647, 652, 654, 656, 669, 670, 672, 683, 686, 690, 692, 693, 695, 697, 699, 700, 701, 702, 704}
800 {629, 659, 660, 671, 681, 685, 704}
802 {688, 690}
803 {665, 706}
804 {629, 642, 643, 644, 647, 651, 663, 668, 669, 684, 685, 689, 696, 709}
805 {657, 661, 666, 674, 683, 699, 706}
806 {633, 647, 671, 691}
809 {631, 634, 635, 639, 645, 648, 661, 663, 669, 674, 676, 685, 689, 690, 693, 709}
810 {630, 634, 645, 648, 655, 657, 660, 661, 669, 671, 672, 677, 681, 685, 686, 690, 697, 700, 707}
812 {649, 671, 681, 685}
814 {637, 646, 651, 652, 654, 656, 657, 661, 665, 666, 667, 668, 673, 678, 687, 689, 690, 693, 701, 702, 703, 707}
816 {641, 653, 660, 663, 664, 696}
818 {661, 665, 674, 677, 684, 694}
819 {632, 649}
820 {686, 696}
821 {631, 635, 636, 637, 641, 642, 651, 654, 655, 656, 657, 666, 667, 669, 671, 676, 677, 683, 684, 687, 689, 690, 693, 696, 700}
823 {639, 674, 683}
824 {648, 681}
825 {653, 664, 669, 704}
829 {631, 639}
831 {654, 656}
832 {693, 703, 708}
833 {628, 633, 634, 636, 637, 638, 639, 641, 642, 645, 647, 653, 655, 657, 660, 671, 676, 678, 687, 689, 690, 693, 697, 704, 707, 708}
834 {661, 688}
835 {628, 631, 633, 644, 648, 661, 664, 666, 674, 690, 693, 696, 700}
836 {646}
838 {635, 642, 644, 672, 676, 685, 687, 689, 699}
839 {647, 655, 669}
841 {628, 634, 648, 653, 654, 656, 660, 686, 689}
842 {642, 660, 663, 664, 678}
844 {630, 645}
846 {631, 636, 645, 647, 654, 663, 671, 685, 709}
848 {653, 666, 669, 699}
849 {687}
850 {668, 670, 685, 692}
851 {670}
852 {643, 663, 669, 686}
853 {645, 669, 692}
854 {634, 648, 651, 657, 673, 677, 695, 700}
857 {630, 631, 632, 641, 642, 644, 647, 650, 651, 655, 659, 666, 672, 678, 684, 685, 687, 695, 699, 706, 708, 709}
858 {647, 648, 652, 655, 673, 678, 695, 706, 708}
862 {630, 632, 634, 635, 636, 637, 639, 641, 642, 647, 648, 650, 652, 653, 654, 666, 674, 676, 681, 684, 685, 687, 695, 696, 697, 699, 703, 704, 706, 707, 708}
863 {629, 635, 638, 640, 644, 651, 652, 656, 669, 676, 687, 690, 696, 697}
864 {652}
865 {708}
866 {639, 643, 652, 653, 657, 660, 678, 683, 686, 697, 704, 710}
868 {632, 645, 650, 656, 664, 688}
872 {631, 633, 669, 685, 690, 704, 710}
873 {629, 631, 658}
875 {643, 651, 654, 656, 663, 671, 695, 696, 708}
876 {641, 651, 673, 675, 689}
877 {634, 640, 651, 654, 661, 677, 685}
878 {631, 635, 639, 640, 647, 655, 666, 669, 676, 678, 683, 690, 691, 695}
879 {630, 641, 659, 678, 704}
880 {631, 639, 666, 709}
881 {659}
882 {709}
883 {630, 635, 682, 695}
884 {635, 642, 646, 673, 687, 693}
885 {691}
887 {631, 634, 639, 643, 654, 660, 661, 668, 669, 674, 686, 704, 710}
888 {634}
889 {674, 695, 701}
891 {630, 650, 655, 659, 672, 680, 686}
892 {693, 699, 706}
896 {630, 636, 640, 644, 649, 652, 657, 663, 672, 675, 682, 685, 696, 699, 702, 704, 707}
898 {675}
901 {676}
904 {654, 660, 666, 696, 704}
905 {696, 702}
910 {662}
913 {641, 695, 709}
914 {642, 646, 665, 702}
915 {634, 643, 650, 680, 704}
916 {669}
918 {649}
919 {647, 677, 695}
920 {635, 643, 654}
922 {635, 636, 645, 646, 652, 655, 661, 662, 671, 674, 675, 676, 677, 680, 682, 683, 689, 690, 693, 701, 702}
923 {636, 649}
924 {630, 635, 641, 657, 669, 695, 699}
925 {634, 652, 653, 656, 663, 676, 686, 697, 699}
926 {642, 645, 660, 700, 709}
927 {658}
928 {630, 681}
929 {648, 681}
930 {640}
931 {630, 654, 659, 671, 680, 681, 685, 700, 706, 709}
932 {637, 639}
933 {681}
934 {641, 650, 679, 695, 710}
935 {637, 652, 653, 670, 697, 707, 709}
937 {629, 636, 681, 706}
938 {628, 647, 650, 707}
939 {636}
940 {634, 645, 653, 678, 691}
941 {630, 636, 645, 647, 659, 663, 679}
942 {641, 645, 653, 664, 669, 673, 686, 698}
943 {656}
944 {650, 680, 684}
946 {637, 680}
948 {650, 662, 680, 709}
949 {645, 649, 663, 674}
951 {636, 648, 691, 706}
953 {684}
955 {630, 632, 633, 636, 638, 642, 646, 647, 648, 653, 654, 662, 665, 674, 683, 685, 689, 692, 695, 697, 707, 709, 710}
957 {635, 644, 708}
962 {629, 630, 650, 654, 678, 679, 685, 706}
963 {639, 652, 659, 667, 674, 703, 706}
965 {630, 639, 645, 660, 661, 666, 668, 684, 685, 693, 699, 707}
967 {630}
969 {663, 681, 706, 709}
970 {631, 636, 641, 643, 654, 685}
971 {631, 634, 636, 641, 651, 654, 656, 667, 668, 670, 671, 678, 679, 685, 690, 700}
975 {632, 635, 636, 639, 644, 645, 652, 657, 662, 663, 684, 698, 709}
976 {631, 636, 641, 665, 672, 687}
977 {631, 634, 643, 649, 651, 652, 653, 656, 666, 686, 702}
978 {630, 633, 635, 636, 641, 654, 657, 658, 661, 669, 691, 695, 708, 709}
979 {654}
980 {639, 652, 654}
981 {645, 647, 660, 663, 672, 706}
982 {630, 633, 635, 642, 644, 645, 646, 647, 648, 650, 655, 656, 661, 673, 675, 677, 702, 703}
983 {635, 643, 654, 700}
986 {635, 647, 659, 684}
987 {654}
988 {697}
989 {642, 657, 686, 692}
992 {637, 660, 661}
995 {634, 636, 645, 646, 648, 653, 658, 660, 666, 667, 677, 681, 685, 690, 703, 704}
996 {641, 660, 707}
997 {655, 657, 667, 668, 695, 704, 706, 707}
999 {631, 638, 674, 686}
1000 {644, 655}
1001 {689, 704}
1003 {653, 671, 686, 706, 709}
1006 {628, 629, 630, 643, 645, 647, 655, 660, 671, 679, 696}
1007 {630, 635, 663, 690, 703}
1009 {647}
1010 {670}
1014 {634, 642}
1015 {645, 707}
1017 {654}
1018 {648, 654}
1019 {654}
1020 {654}
1022 {634, 642, 654, 663, 683, 690, 699, 702}
1023 {659, 668, 669, 672, 678, 699}
1025 {660, 708}
1026 {632}
1027 {630, 632, 636, 641, 645, 649, 652, 659, 663, 676, 678, 681, 684, 685, 696, 700, 703, 710}
1029 {640, 654, 666, 671, 672, 681, 695}
1030 {654}
1032 {629, 636, 684}
1033 {628, 629, 630, 637, 639, 640, 642, 651, 652, 654, 661, 667, 669, 670, 674, 679, 685, 688, 694, 697, 703, 704}
1034 {635, 641, 654}
1035 {666}
1036 {641, 669, 684, 699, 708}
1037 {628, 652, 666, 669, 688, 695, 696, 708}
1038 {628, 652, 666, 669, 688, 695, 696, 708}
1039 {635, 636, 637, 642, 646, 647, 648, 651, 657, 659, 661, 666, 667, 672, 675, 676, 684, 685, 694, 695, 700, 703, 709}
1040 {652}
1041 {628, 630, 643, 644, 647, 667, 683, 696}
1042 {636, 677, 685, 690}
1044 {628, 632, 635, 637, 641, 651, 652, 655, 659, 666, 668, 669, 671, 680, 695, 708}
1045 {641, 666, 681, 690}
1046 {666}
1047 {666, 678, 680, 689, 695, 696, 708}
1048 {631, 632, 634, 641, 644, 645, 646, 649, 652, 653, 656, 659, 660, 662, 663, 666, 667, 670, 676, 678, 679, 686, 688, 689, 690, 695, 699, 706, 707, 708, 710}
1049 {683, 703}
1050 {670}
1052 {629}
1053 {644, 652, 656, 661, 674, 704}
1054 {681}
1055 {631, 637, 669, 687, 696, 701}
1058 {644, 669, 694}
1059 {651, 669, 687, 690, 695, 696, 708}
1060 {643, 651, 655, 660, 685, 704}
1061 {635, 649, 704}
1062 {649, 658, 673, 682}
1063 {666}
1064 {649, 660, 666, 696, 697}
1065 {666, 680, 696, 697}
1066 {662, 666, 697}
1067 {631, 632, 642, 655, 656, 666, 678, 683, 685, 688, 708}
1068 {666}
1069 {666}
1070 {666, 695}
1071 {666}
1072 {666, 667, 697}
1074 {631, 640, 674, 678, 683, 686, 690, 692, 695, 699, 701}
1075 {630, 633, 637, 639, 647, 648, 650, 652, 660, 666, 671, 686, 689, 691, 695, 703, 708}
1076 {666}
1077 {648, 666, 691}
1078 {628, 629, 631, 634, 635, 638, 639, 643, 644, 646, 652, 655, 656, 659, 660, 665, 669, 672, 683, 685, 686, 688, 690, 702}
1079 {628, 650, 666, 690}
1080 {666}
1081 {674, 683}
1082 {630}
1084 {646}
1085 {680, 681, 697}
1087 {639, 640, 647, 648, 649, 654, 655, 664, 665, 689, 701}
1089 {696}
1090 {666}
1091 {666}
1092 {633, 666, 691, 699}
1093 {666}
1094 {643, 650}
1097 {636}
1100 {651, 658, 659, 661, 662, 670, 672, 676, 679, 681, 696}
1101 {660}
1103 {660}
1106 {659, 690, 702}
1108 {634, 653, 688, 707}
1110 {648, 658, 661, 663, 673}
1112 {631, 633, 637, 641, 646, 651, 665, 671, 675, 679, 684, 687}
1113 {706}
1114 {632, 633, 635, 641, 648, 655, 659, 660, 661, 663, 696, 704}
1116 {673, 690, 691}
1117 {645, 677}
1119 {708}
1121 {666}
1123 {636}
1124 {630, 632, 634, 635, 643, 644, 646, 647, 649, 658, 659, 670, 673, 677, 678, 683, 699, 702, 703, 707}
1125 {677}
1128 {650, 667, 692}
1129 {635, 642, 647, 652, 655, 656, 663, 666, 669, 678, 680, 683, 685, 686, 695, 704, 706, 708}
1130 {632, 634, 641, 650, 652, 655, 659, 678, 680, 690, 691, 695, 703, 706, 708}
1131 {629, 643, 644, 645, 648, 652, 653, 670, 679, 682, 689, 701, 703, 704}
1132 {639}
1135 {630, 642, 643, 647, 657, 674, 688, 696, 701}
1136 {669}
1137 {643, 686}
1139 {645, 662, 679, 680, 700}
1140 {641, 651}
1143 {637, 675, 681, 702}
1144 {637, 647, 652, 662, 670}
1145 {637, 641, 653, 661, 678, 684, 703}
1146 {671}
1147 {657, 687, 704}
1148 {666, 669, 674, 698}
1152 {649, 651, 653, 696}
1153 {669, 697, 702}
1154 {629, 646, 664, 710}
1155 {636, 653, 691, 692, 693}
1156 {634, 636, 637, 644, 645, 652, 684, 689, 694, 701, 709}
1157 {631, 661, 663, 706, 709}
1158 {634, 649, 651, 664}
1159 {629, 630, 631, 634, 637, 641, 643, 644, 650, 651, 653, 655, 659, 660, 665, 673, 676, 678, 679, 680, 685, 689, 702, 703, 704}
1161 {670}
1163 {654, 704}
1164 {650, 659, 678, 680, 704}
1166 {629, 631, 642, 650, 653, 659, 678, 679, 703}
1167 {635}
1168 {675}
1171 {634, 660, 668, 671, 704}
1172 {690}
1175 {668}
1176 {643, 656, 659}
1177 {650, 678}
1179 {630, 636, 657, 670, 671, 677, 699, 700, 704}
1180 {653, 660, 663, 701}
1181 {676, 696}
1183 {675}
1184 {650, 680}
1185 {630}
1187 {649}
1188 {632, 633, 641, 645, 647, 648, 652, 657, 663, 668, 677, 684, 690}
1189 {643, 654, 660, 661, 674, 686, 688}
1191 {655, 662, 664, 667, 669, 680, 681, 685}
1194 {659}
1197 {649}
1201 {632, 639, 642, 661, 669, 671}
1202 {658, 671, 677, 681}
1203 {642}
1204 {644}
1207 {653}
1211 {650, 680}
1213 {634, 644, 660, 672, 678, 680, 704}
1218 {632, 634, 636, 643, 649, 652, 660, 662, 663, 671, 672, 677, 687, 690, 699, 702, 704, 707}
1219 {660}
1220 {634, 640, 656, 671, 672, 681, 684, 709}
1223 {630, 642, 658, 659}
1227 {696}
1230 {646, 677, 693}
1231 {651, 669}
1232 {669, 686, 704}
1233 {636, 643, 650, 655, 660, 672, 673, 674, 696, 705}
1234 {631, 632, 634, 640, 642, 650, 657, 664, 674, 684, 695}
1235 {644, 653}
1242 {632, 634, 642, 644, 647, 708}
1246 {633}
1247 {638}
1248 {642, 689}
1249 {632, 634, 644, 647, 653, 660, 663, 672, 678, 695}
1250 {636, 648, 656}
1251 {694}
1252 {632, 647, 659, 672, 691, 708}
1253 {629, 641, 647, 661, 672, 680, 681, 707}
1254 {675}
1255 {662, 692, 702}
1258 {663}
1259 {641, 644, 658, 681}
1261 {674, 696}
1262 {634}
1263 {639, 646}
1265 {639, 644, 664, 665, 668, 670, 687, 698, 702, 708}
1266 {661, 674, 698}
1267 {636, 661, 674, 698}
1268 {639, 667, 676, 677, 687, 708}
1274 {661, 674}
1275 {661}
1276 {699, 706}
1278 {661, 674, 698}
1279 {649, 689, 693}
1280 {649, 683, 696}
1282 {628, 630, 642, 645, 690}
1284 {635, 637, 652, 665, 672, 687, 698, 699}
1286 {650, 674, 680}
1287 {661, 674, 680}
1288 {631, 638, 652, 655}
1289 {655}
1290 {698}
1291 {643, 651, 669, 686, 690}
1292 {663, 678}
1293 {639, 652}
1295 {690}
1296 {674}
1298 {639}
1299 {628, 635, 636, 637, 647, 659, 664, 665, 673, 675, 690, 708, 710}
1300 {648, 673}
1302 {646}
1303 {643, 644}
1304 {645, 649, 665, 682}
1307 {632, 652}
1309 {695}
1310 {665, 673, 679}
1313 {646}
1315 {680}
1316 {703}
1317 {630, 632, 634, 640, 641, 642, 644, 653, 655, 659, 669, 674, 678, 679, 688, 695, 708}
1318 {635, 636, 651, 708, 709}
1322 {637}
1324 {646, 698, 702}
1325 {699}
1328 {637, 655, 662, 687, 690}
1329 {704}
1330 {656, 663, 669, 696}
1333 {674}
1334 {643, 674, 676, 703}
1335 {631}
1338 {665}
1341 {630, 636, 655, 679}
1345 {643, 685}
1346 {660}
1347 {631, 637, 640, 642, 645, 651, 652, 668, 670, 674, 681, 690, 704}
1348 {652, 696, 699, 710}
1350 {702}
1352 {640, 643, 649, 675, 677}
1355 {662}
1358 {645, 665, 697, 706}
1359 {690, 703}
1360 {667, 674}
1361 {634, 640, 654, 664, 680, 708}
1364 {630, 690}
1366 {695, 696}
1371 {635, 659, 700}
1373 {661, 674, 698}
1375 {658}
1378 {658, 674, 687, 689, 707}
1382 {631, 637, 650, 651}
1384 {651, 664, 672, 673, 674, 690, 693, 706}
1385 {639, 647, 649, 670, 671, 675, 678, 681, 682, 696}
1386 {653}
1389 {663}
1390 {645, 663}
1391 {663}
1392 {663, 692}
1393 {663}
1396 {698}
1398 {632}
1399 {636, 643, 651, 657, 677}
1400 {635, 637, 641, 644, 650, 657, 666, 677, 678, 687, 695, 706, 707, 708, 709}
1401 {634, 637, 650, 653, 655, 657, 660, 668, 672, 681, 683, 684, 694}
1402 {640, 646, 653, 663}
1403 {633, 651, 658, 660, 671, 678, 691, 710}
1406 {650, 653, 657, 663, 680}
1408 {649, 650, 673, 702}
1409 {650, 674}
1410 {696}
1411 {645}
1412 {662}
1414 {636, 640, 645, 659, 663, 670, 684}
1415 {660, 677}
1416 {654, 670}
1417 {630, 632, 634, 635, 652, 683, 687, 690, 695, 699, 700}
1418 {629, 677, 682, 708}
1420 {645}
1421 {663}
1423 {628, 630, 648, 681, 691, 700}
1424 {653, 675}
1425 {647, 657, 677}
1426 {633, 635, 641, 643, 644, 649, 651, 652, 654, 658, 661, 662, 665, 667, 676, 680, 681, 685, 686, 691, 696, 705, 709}
1427 {641, 649, 677, 687, 702}
1428 {638}
1433 {682, 698}
1434 {629, 630, 661, 664}
1437 {631}
1438 {667, 678, 689, 696}
1439 {687}
1440 {633, 641, 647}
1443 {638, 639, 652, 654, 656, 669, 679, 683, 694, 697, 703}
1444 {631, 643, 685, 693}
1445 {633, 639, 647, 681, 684, 687}
1446 {656}
1447 {634, 660, 671, 678, 704}
1448 {630}
1449 {630}
1450 {635, 637, 642, 657, 669}
1452 {634, 657, 668, 677, 685, 704}
1453 {646}
1454 {634, 637, 641, 647, 665, 700}
1456 {632, 642, 651, 655, 678, 685, 688, 690, 691, 699}
1457 {635, 643, 654}
1459 {644, 666, 696}
1460 {651}
1462 {660, 687}
1463 {652}
1465 {681}
1466 {658}
1467 {647, 660, 671, 683, 685, 701}
1468 {690}
1472 {710}
1473 {631, 641, 643, 644, 650, 655, 657, 660, 667, 669, 674, 684, 704}
1474 {679, 706}
1475 {634, 640, 644, 651, 677, 679, 685, 696}
1477 {629, 640, 644, 668}
1478 {640, 644}
1479 {644}
1480 {655}
1482 {635, 639, 655, 659}
1483 {630, 681}
1485 {686}
1486 {631, 660, 670, 679, 703}
1487 {677, 708}
1488 {631, 667, 686, 700}
1489 {633, 648, 654, 658, 660, 661, 663, 665, 671, 674, 684, 691, 692}
1490 {647, 648, 684, 695}
1492 {669, 686}
1493 {674, 679, 686}
1494 {631, 642, 653, 656, 657, 664, 670, 671, 673, 684, 696, 700, 710}
1497 {648, 649, 659, 663, 668, 670, 673, 677, 678, 684, 695, 697}
1498 {635, 644, 650, 656, 667, 680, 696, 706, 708, 709}
1500 {630, 631, 632, 634, 635, 636, 641, 644, 648, 652, 655, 657, 659, 669, 672, 688, 695, 707}
1501 {667, 673, 691, 699, 708}
1502 {643, 651, 652, 684, 700}
1503 {644, 669}
1504 {629, 631, 648, 650, 655, 678, 685, 688}
1505 {641, 645, 670, 674, 676, 708}
1506 {656}
1507 {636, 648, 662}
1508 {631, 660, 679, 686, 690, 696, 697, 704}
1509 {636, 637, 653, 656, 657, 660, 661, 674, 680, 683, 686, 693, 697, 706}
1510 {631, 707}
1513 {633, 642, 648, 654, 704}
1514 {635}
1516 {662, 663, 692, 694, 696, 698, 701, 705}
1517 {645, 672, 675, 708}
1518 {645, 648, 657, 672, 677}
1519 {666, 704}
1520 {663, 677, 693}
1521 {630, 653, 659, 680, 704}
1523 {661, 669, 693}
1524 {706}
1527 {654}
1530 {634, 653, 656, 676}
1532 {630, 674, 681, 696, 699, 703, 708}
1533 {631, 647, 653, 655, 656, 658, 662, 664, 668, 676, 681, 688}
1534 {661}
1536 {680, 684}
1537 {661, 674, 687, 692, 693, 698}
1538 {649, 661, 669, 674, 678, 693, 698}
1540 {629, 632, 640, 642, 678, 685, 692, 698}
1541 {642}
1542 {631, 637, 653, 656, 672, 676, 689}
1543 {642}
1544 {632, 634, 637, 638, 643, 644, 650, 654, 655, 656, 659, 672, 676, 679, 680, 683, 685, 689, 696, 704}
1545 {633, 658, 674, 691}
1546 {664, 674, 705}
1547 {639, 653, 656}
1548 {646, 652, 653, 661, 701, 702, 704}
1549 {629, 631, 639, 654, 661, 671, 673, 677, 689, 693, 708}
1551 {631, 635, 641, 659, 672, 686, 689, 691, 709}
1552 {657, 696}
1553 {632}
1555 {635, 650, 701, 702}
1556 {640, 644, 650, 673, 677, 679, 684, 695}
1557 {629, 649}
1559 {653}
1563 {661, 693}
1564 {632, 642, 678}
1566 {635, 640, 642, 692, 701}
1567 {645, 660, 709}
1568 {628, 638, 669, 701}
1570 {651, 667, 704}
1571 {645, 661, 685, 688}
1573 {664, 665, 680}
1575 {628, 651, 675, 681, 686, 703}
1576 {659}
1577 {629, 630, 631, 634, 637, 642, 644, 650, 653, 655, 656, 659, 660, 672, 676, 678, 680, 689}
1578 {679, 701}
1581 {693}
1582 {634, 650, 667, 668, 677, 679, 680, 688, 696, 697}
1583 {692}
1585 {636, 665, 696}
1586 {642, 659}
1587 {642, 659}
1588 {665, 695}
1589 {637, 645}
1592 {629, 675, 698}
1593 {631}
1595 {631, 634, 637}
1596 {634}
1597 {677}
1598 {631, 634, 636, 642, 648, 649, 655, 658, 674, 684, 697, 707}
1600 {661, 674, 693}
1601 {661, 678}
1602 {653, 664}
1603 {628, 639, 652, 669, 681, 694}
1605 {631, 641, 646, 664, 669, 681, 695, 701}
1606 {639, 644, 689}
1607 {629, 635, 645, 664, 669, 683, 685, 694, 696, 701, 710}
1608 {644}
1610 {680}
1611 {631}
1613 {642, 659}
1614 {632, 659}
1615 {638, 651, 660}
1616 {630, 643, 664, 679, 687}
1617 {661, 674}
1618 {630, 645, 662, 686, 692, 694}
1621 {672, 696}
1622 {696}
1628 {664}
1629 {689}
1630 {654, 703}
1631 {652}
1632 {631}
1640 {633, 647, 651, 653, 654, 658, 684, 691, 693, 696, 703}
1641 {685}
1642 {629}
1646 {698}
1649 {670, 676, 682}
1650 {648, 649, 655, 656, 661, 663, 673, 674, 693, 695, 700}
1653 {665, 674, 702}
1654 {631}
1655 {642, 661, 668, 684, 686, 687}
1656 {645, 646, 666, 669, 702}
1657 {676}
1658 {689}
1659 {680}
1661 {633, 644, 665, 675}
1662 {647, 664}
1665 {703}
1666 {628, 680, 693, 698}
1667 {631, 640, 649, 663, 671, 681, 695, 699, 704}
1669 {637, 645}
1671 {646, 680, 691}
1672 {671, 685, 689, 703}
1673 {678, 698}
1674 {631}
1675 {628, 630, 655, 656, 659, 669, 672, 678, 683, 685, 690, 703}
1682 {640, 645, 652}
1683 {654, 687}
1684 {649, 682}
1685 {636, 637, 644, 660, 682, 687, 692, 696, 700}
1686 {658, 663}
1688 {628, 654, 655, 656, 666, 669, 671, 685, 686, 703}
1691 {654}
1692 {653, 693}
1694 {628, 631, 643, 645, 650, 665, 671, 674, 682, 688}
1696 {641}
1697 {628, 663, 664}
1699 {661}
1702 {689}
1703 {651, 676}
1704 {684, 709, 710}
1706 {631, 642, 644, 651, 661, 681, 696}
1707 {633, 652, 657, 680, 681}
1709 {682, 697, 707}
1710 {630, 691, 695, 703}
1711 {633, 691}
1713 {662, 668}
1714 {640, 641}
1715 {703}
1716 {629, 635, 637, 638, 668, 670, 681, 694}
1717 {649}
1718 {689}
1719 {687}
1720 {687}
1722 {649, 696}
1723 {629, 631, 634, 637, 644, 653, 655, 656, 660, 672}
1729 {628, 644, 689, 695, 696, 703, 708}
1730 {649}
1732 {696}
1733 {647, 675}
1734 {631, 681, 686, 693}
1740 {638, 639, 643, 644, 645, 651, 652, 655, 656, 659, 660, 676, 679, 683, 687, 688, 690, 692, 695, 696, 699}
1741 {702}
1742 {643, 645, 648, 651, 663, 690, 699, 707}
1744 {647, 653, 660, 666}
1747 {673}
1750 {653}
1751 {629, 696, 707}
1752 {629, 647}
1753 {634, 636, 643, 664, 672, 685, 690, 695, 700, 704}
1754 {628, 636, 638, 647, 654, 659, 664, 666, 690, 703}
1759 {642, 647}
1760 {634, 669, 689}
1762 {667, 686}
1765 {660, 687}
1768 {666, 697}
1769 {673, 678}
1770 {649, 663, 681, 700, 702, 710}
1771 {629, 636, 640, 647, 648, 660, 663, 667, 673, 677, 679, 702, 704}
1772 {659, 681, 695, 708}
1775 {643, 678, 681, 683}
1776 {631, 639, 646, 654, 680, 703}
1780 {656, 661, 662, 686}
1782 {643, 651, 678, 688}
1783 {654, 669, 690, 696}
1786 {633, 639, 647, 681, 689, 695, 699, 706}
1787 {653, 656, 658, 671, 676, 680}
1790 {652, 658, 670, 697}
1791 {632, 643, 660, 674}
1792 {654}
1795 {640, 665, 677, 697}
1796 {643, 649, 663, 672, 675}
1797 {658}
1800 {678}
1801 {635, 641, 642, 644, 645, 647, 650, 657, 659, 663, 669, 679, 681, 683, 686, 688, 691, 695, 700, 707, 708}
1803 {634, 635, 641, 642, 645, 655, 659, 684, 695, 700, 709}
1805 {664, 670, 704}
1806 {630, 635, 664, 670, 684, 691, 695}
1807 {632, 696}
1811 {630}
1812 {692, 702}
1814 {652}
1817 {637, 658, 693, 695, 708}
1818 {634}
1820 {639}
1823 {641, 653, 661, 683, 685, 692, 693, 702}
1824 {669}
1825 {689}
1826 {632, 634, 636, 639, 644, 656, 660, 671, 681, 688, 690, 696, 706}
1830 {676, 699}
1831 {684}
1832 {684}
1833 {684}
1835 {669}
1836 {629, 636, 641, 652, 677, 684, 698}
1837 {629, 633, 658, 669, 676, 683, 688, 692, 693}
1838 {643, 654, 677, 700, 702}
1839 {649, 667}
1843 {657, 690, 693, 696}
1844 {679, 697}
1846 {687, 708}
1848 {684}
1849 {640, 645, 700}
1850 {636, 700}
1851 {650, 660, 666, 673, 687, 690, 699}
1852 {631, 654, 656, 662, 680, 683, 685}
1853 {665}
1854 {699}
1855 {703}
1856 {684, 693}
1857 {646, 659}
1858 {688}
1862 {630}
1864 {643, 703}
1868 {635, 636, 641, 677, 681, 693, 695, 706}
1870 {630, 655}
1871 {668, 681}
1872 {652}
1873 {641, 708}
1874 {649, 651}
1875 {680}
1876 {646, 661, 677, 690, 694, 698}
1878 {657}
1879 {635, 657, 673, 677, 684, 709}
1882 {673}
1884 {647}
1885 {665}
1886 {646}
1887 {677, 684, 694}
1888 {674}
1890 {707}
1891 {647}
1892 {639, 642, 647, 649, 652, 659, 662, 664, 669, 677, 686, 698}
1893 {647, 666}
1894 {647, 693}
1895 {635}
1897 {642, 659, 678}
1898 {695, 706, 708}
1899 {645, 648}
1900 {640, 649, 689, 704}
1901 {635, 697}
1902 {677}
1903 {690}
1904 {645, 669, 671, 680, 681, 687, 699, 706}
1908 {629}
1909 {629, 664, 682}
1912 {655}
1918 {653, 658, 678}
1919 {698}
1921 {655}
1922 {633, 636, 698}
1925 {642}
1926 {689, 691}
1929 {638, 655, 670, 672, 673, 683, 698, 700, 704}
1933 {665}
1934 {640, 646, 650, 653, 674, 689}
1940 {644}
1942 {633, 664, 702}
1944 {629}
1946 {650}
1948 {680}
1950 {655}
1951 {698}
1953 {632, 642}
1954 {678}
1955 {677}
1957 {669, 671}
1958 {639, 673, 677, 678, 689}
1962 {664, 682}
1963 {685, 690, 692, 698}
1967 {647, 682}
1969 {664}
1971 {668, 671}
1973 {634, 643, 655, 692, 699}
1974 {697}
1975 {662}
1976 {668, 671}
1978 {695}
1979 {634, 635, 645, 646, 649, 655, 656, 666, 671, 675, 679, 683, 689, 696, 704, 706, 710}
1982 {654, 656, 667, 683, 697, 702, 707}
1983 {652}
1984 {648, 651, 669, 680}
1985 {655, 697}
1993 {655}
1994 {634, 655, 656}
1997 {647, 680}
2001 {686}
2003 {677}
2004 {629}
2005 {643, 699}
2006 {653, 655, 686}
2008 {690}
2010 {657}
2012 {628, 646, 652, 665}
2015 {633, 646, 658, 674, 691, 692, 694}
2016 {650, 653, 680}
2017 {671}
2020 {660, 664, 696}
2022 {675, 681}
2024 {657}
2025 {629, 686}
2028 {636, 646, 654, 673, 681, 687, 694}
2034 {669, 678}
2039 {646, 647, 651, 658, 703, 706, 709}
2040 {653}
2047 {634, 639, 655, 658, 703}
2048 {634, 639, 655, 703}
2054 {633, 636, 658, 671, 675, 681, 684, 691, 700, 709}
2056 {690}
2057 {661, 674}
2059 {661, 708}
2061 {638, 640}
2063 {698, 701}
2064 {691}
2066 {693}
2067 {674}
2068 {682}
2069 {637}
2070 {639}
2074 {671, 681}
2077 {630}
2078 {647, 648}
2080 {630, 664, 703, 704}
2082 {688}
2083 {645, 693}
2085 {665}
2086 {672}
2093 {628}
2094 {631, 640, 644, 655, 680, 696}
2096 {675}
2098 {701}
2099 {696}
2101 {641, 646, 650, 657, 680, 690, 691, 693, 700, 708}
2102 {679}
2105 {640, 644, 654, 673, 679, 702, 705}
2106 {672}
2108 {681}
2109 {649, 665, 685}
2112 {665, 682, 702}
2115 {690, 699}
2117 {630, 660, 663, 697}
2118 {671, 684, 691, 709}
2122 {670, 690, 704}
2123 {655}
2124 {709}
2127 {633, 669, 691}
2128 {697}
2129 {653, 677, 689}
2130 {696, 697}
2131 {635}
2132 {645}
2135 {635, 641, 681, 697}
2136 {690, 699, 704}
2137 {703}
2140 {634, 635, 644, 647, 649, 660, 668, 671, 675, 699}
2141 {662}
2142 {663}
2144 {645, 673, 702}
2145 {633, 651, 658, 675, 696}
2146 {648, 661, 674}
2148 {659}
2149 {659, 660, 669, 679, 686, 690}
2158 {634}
2161 {629, 661, 679}
2163 {647, 648, 659, 677, 683, 691, 706}
2164 {707}
2168 {661, 674, 694}
2170 {647, 649, 677, 684, 686, 693}
2172 {637, 675, 685, 693, 702, 708}
2173 {649, 702}
2174 {631, 655, 672}
2175 {673, 702}
2178 {650}
2179 {668, 675}
2180 {661}
2182 {702}
2184 {650, 675, 680}
2185 {638, 652, 658, 666, 691, 704}
2186 {677}
2190 {682}
2193 {675}
2194 {669}
2197 {635, 642, 667, 681, 699}
2201 {648}
2202 {667, 685}
2203 {632, 639, 642, 648, 668, 684, 691, 698}
2204 {698}
2206 {665, 682, 700}
2207 {663, 701}
2209 {658}
2210 {634, 646, 653, 660, 704}
2215 {661, 670, 688}
2217 {661, 672, 679, 702}
2220 {636, 647, 650}
2221 {631, 661, 687, 690}
2223 {675, 685, 702}
2224 {646, 673}
2227 {648}
2229 {653}
2230 {676, 702}
2232 {639}
2233 {701}
2235 {649, 650, 653, 680, 692}
2237 {645}
2238 {635, 639, 649, 662, 684, 689, 709}
2242 {670}
2243 {632, 642, 652}
2246 {631, 636, 639, 647, 664, 665, 673, 685, 702}
2247 {665}
2250 {665}
2251 {643, 646, 647, 649, 674, 681}
2258 {628}
2262 {644, 646, 656, 659, 665, 676, 680}
2264 {647, 648, 678}
2265 {661, 674}
2266 {660}
2268 {664, 690, 691}
2272 {633, 635, 645, 661, 687, 706}
2274 {679, 686}
2276 {654}
2277 {669, 679, 686}
2278 {644, 651, 653, 679}
2280 {632, 634, 642, 659}
2283 {630, 642, 644, 674, 684, 709}
2288 {665, 668}
2289 {637, 644, 650, 653, 655, 656, 660, 672, 676, 678, 703}
2290 {664}
2293 {640, 657, 663, 670, 677, 684, 700}
2294 {670}
2296 {664}
2297 {657, 677}
2298 {651, 710}
2300 {653}
2302 {670}
2307 {670}
2310 {632, 634, 660, 664, 670, 676, 690, 702, 704, 710}
2311 {657, 681, 700}
2312 {640, 657, 670, 677, 700}
2317 {654, 692, 703, 709}
2319 {704}
2320 {673}
2323 {654, 678}
2325 {636}
2327 {631}
2328 {684, 709}
2333 {671}
2335 {632, 642, 644, 655}
2340 {670, 675, 682}
2346 {687}
2349 {694}
2350 {642, 682, 690}
2351 {634}
2354 {646, 702}
2355 {635, 654, 669}
2356 {628, 639, 647, 649, 695}
2360 {628, 643, 645, 649, 701}
2361 {674}
2362 {694}
2367 {656, 661, 667, 696, 701}
2369 {649, 667, 685}
2370 {637, 680, 690, 707}
2371 {648}
2375 {632, 642}
2377 {669}
2378 {636, 653, 655}
2379 {680}
2380 {634, 646, 677, 702}
2381 {658, 674, 688}
2382 {703}
2385 {642, 680, 692}
2386 {694}
2387 {668}
2388 {694}
2389 {708}
2393 {670}
2394 {640, 662}
2395 {673}
2396 {634, 641, 643, 661, 663, 666, 667, 691, 695, 710}
2397 {647, 655, 662}
2398 {650, 653, 680, 692}
2400 {679, 699}
2401 {643, 650, 651, 653, 660, 663, 669, 672, 680}
2402 {674}
2403 {694}
2405 {660}
2406 {674}
2408 {657}
2410 {663, 698}
2413 {631, 635, 639, 656, 657, 694}
2414 {634, 652, 680, 687, 694}
2418 {664}
2419 {651, 656}
2420 {661, 674}
2425 {633, 680, 684, 694}
2428 {682}
2429 {633, 658, 691, 700}
2434 {656}
2437 {645, 680, 692}
2438 {661}
2441 {654, 658, 662, 665, 671, 680, 681, 708, 709, 710}
2442 {688, 709}
2443 {631, 649, 659, 662, 667, 674, 704}
2444 {633, 658, 671, 682, 684, 691, 709}
2445 {633, 658, 671, 684, 691, 709}
2446 {633, 658, 691}
2447 {633, 658, 691, 693}
2448 {633}
2449 {646, 671}
2452 {633, 658}
2453 {658, 691, 709}
2454 {633, 658, 660}
2455 {633, 658, 691}
2456 {652, 665, 685, 691, 696}
2457 {628, 633, 644, 659, 669, 673, 700}
2458 {658, 691}
2459 {646, 658, 665, 675, 691, 693, 702}
2460 {658, 691}
2461 {691}
2462 {633, 658, 691, 693}
2463 {633, 639, 647, 690, 696}
2464 {633, 634, 700}
2467 {658}
2469 {698}
2470 {682}
2472 {693}
2477 {633, 658, 691, 693}
2478 {658, 693}
2479 {633, 640, 647, 648, 691, 706}
2481 {645}
2482 {665}
2487 {633, 658}
2489 {631, 633, 682}
2490 {703}
2493 {633, 646, 658, 665, 691}
2494 {681, 684, 691}
2495 {658}
2496 {658}
2502 {640}
2503 {652}
2505 {659}
2509 {632, 633, 635, 642, 645, 650, 661, 670, 684}
2512 {636}
2515 {633}
2518 {658, 665}
2519 {661}
2528 {658, 660, 681, 686, 695, 709}
2529 {648, 665}
2530 {704}
2531 {659}
2536 {687}
2537 {653, 669, 709}
2539 {636, 641, 647, 648, 656, 657, 673, 677, 708}
2541 {650, 664, 693}
2542 {635}
2543 {706}
2544 {647, 655, 684}
2545 {647, 653, 671, 684, 709}
2546 {703}
2553 {630, 642, 657, 673, 677, 684, 696, 706, 709}
2554 {642, 647}
2555 {636, 637, 642, 644, 647, 659, 681, 695}
2556 {708}
2557 {634, 635, 642, 643, 644, 650, 672}
2558 {632, 641, 678}
2562 {708}
2563 {647, 690}
2564 {637, 672, 708}
2565 {642, 661, 674, 693, 706, 708}
2568 {631, 651, 685, 689, 710}
2570 {641, 671, 672, 690, 695}
2574 {628, 640, 647, 649, 654, 665, 667, 677, 678, 693, 698}
2580 {634, 658, 668, 691}
2581 {645, 669}
2583 {629, 634, 639, 643, 660, 671, 684, 704}
2585 {639, 646, 665, 681, 682}
2586 {634, 659, 676}
2587 {646, 665}
2588 {646, 665}
2589 {646, 665, 696}
2590 {629, 665}
2591 {646, 665, 673, 685, 702}
2592 {653, 659, 698}
2595 {646, 702}
2596 {635, 646, 676, 702}
2599 {652}
2602 {637, 644, 677, 684}
2613 {646, 665, 702}
2614 {646, 665, 702}
2615 {646, 665, 702}
2616 {654}
2617 {664, 689, 690, 702}
2618 {646}
2619 {634, 636, 646, 647, 659, 665, 685}
2620 {646, 665, 685, 704}
2621 {690}
2622 {642, 646, 658}
2625 {635, 665}
2632 {658}
2635 {658}
2637 {646, 671}
2638 {646, 665}
2639 {639, 643, 646, 649, 658, 665}
2640 {667, 669, 686}
2641 {653}
2642 {628, 650, 651, 663, 664, 669, 676, 687}
2643 {630, 636, 649, 687}
2646 {636, 657}
2648 {632, 633, 648, 708}
2654 {653}
2660 {659, 703}
2663 {700}
2668 {639, 686}
2670 {639, 666, 676, 700, 709}
2674 {648, 651}
2680 {629, 636, 637, 655}
2682 {646, 659}
2683 {691}
2686 {648}
2687 {629, 669, 680, 695}
2688 {635, 664, 685, 702, 706}
2690 {646, 702}
2692 {639, 676, 704}
2699 {702}
2702 {633, 659, 695}
2706 {658}
2708 {685}
2709 {630, 647, 658, 663, 675, 676, 703}
2711 {650, 673}
2713 {633, 637, 647, 681, 707}
2714 {640, 643, 675, 704, 710}
2715 {647}
2717 {636, 696}
2722 {633, 637, 658, 691}
2723 {659}
2724 {670}
2726 {634, 668, 675, 681, 695, 704, 708, 710}
2727 {653}
2730 {673}
2731 {652, 673, 683, 688, 698}
2732 {706}
2733 {628}
2734 {694}
2735 {652, 697}
2737 {635, 675, 690, 692}
2738 {688}
2740 {647, 701}
2743 {709}
2744 {653, 706}
2745 {689}
2747 {654, 680}
2750 {628}
2755 {643, 668}
2756 {634, 675, 681, 704, 710}
2757 {694}
2758 {697, 701, 707}
2760 {642, 657, 690, 702, 709}
2763 {678}
2767 {679, 703}
2769 {678, 708, 709}
2770 {633, 639, 658, 676, 703}
2771 {649, 665, 670, 674, 700}
2772 {696}
2773 {666}
2774 {647}
2775 {634, 647, 660, 678, 704}
2776 {632, 637, 641, 642, 659, 684, 708}
2778 {696, 700, 707}
2779 {633, 695}
2781 {684}
2782 {687, 695}
2783 {631}
2785 {672}
2786 {682}
2787 {646, 664}
2788 {630, 640, 648, 655, 693}
2789 {690}
2790 {655, 663, 693}
2793 {634}
2794 {638, 639, 660, 692, 697}
2796 {647, 650, 653, 660, 661, 669, 674, 685, 690, 696, 701}
2797 {633, 647}
2798 {632, 637, 641, 642, 654, 703}
2799 {631, 637, 653, 673, 681, 682, 698}
2800 {634, 647, 650, 667}
2801 {695}
2803 {694}
2805 {653, 707}
2806 {632, 696}
2808 {630, 659, 693}
2809 {644, 650}
2811 {645, 651, 684}
2812 {684, 694}
2813 {684}
2814 {630, 659}
2816 {694, 709}
2817 {628, 632, 639, 659, 686, 688, 699}
2818 {638, 672}
2820 {685}
2821 {641}
2822 {691}
2825 {663}
2827 {677, 700}
2828 {677}
2829 {695}
2830 {691}
2831 {691}
2833 {691}
2834 {706}
2835 {684, 691}
2836 {630, 646, 668, 681, 695, 699}
2837 {632, 636, 643, 672}
2838 {647, 657, 702}
2840 {690}
2843 {635}
2844 {695}
2845 {663, 671, 675}
2846 {663}
2847 {652, 661, 691}
2850 {673}
2851 {702}
2858 {664}
2859 {647}
2860 {633, 665, 700, 709}
2863 {641}
2865 {687}
2868 {628}
2882 {628, 657, 694, 695}
2884 {670}
2890 {630}
2893 {670}
2896 {702}
2899 {642, 654, 674, 681, 707, 708, 709}
2905 {682}
2906 {682}
2907 {700}
2910 {667}
2911 {645, 651, 694}
2918 {658}
2919 {658}
2920 {658}
2922 {650, 680}
2923 {661, 671}
2929 {680}
2939 {641}
2943 {687, 707}
2944 {632}
2949 {704}
2952 {684}
2953 {637, 663}
2954 {669, 671, 678}
2955 {647, 680, 702}
2963 {642, 665}
2964 {628, 633, 643, 650, 678}
2966 {636, 682}
2972 {664}
2973 {663}
2975 {638, 639, 645, 655, 656, 660, 669, 672, 680, 688, 696}
2976 {653, 698}
2977 {646}
2978 {654}
2980 {641, 655, 659, 678, 683}
2982 {684, 686}
2983 {641}
2985 {632, 642}
2991 {696, 698, 699}
2993 {634, 644, 647, 707}
2997 {704}
2999 {655, 664, 666, 670, 682, 696, 701}
3001 {631, 634, 644, 654, 678, 695}
3002 {656}
3004 {634, 644, 656, 704}
3010 {680}
3012 {629, 636, 658, 681}
3014 {676}
3015 {634, 667}
3017 {657, 682}
3019 {644, 650, 669}
3021 {696}
3022 {657, 666, 693}
3025 {657, 663, 668}
3030 {670}
3032 {692, 701}
3035 {664}
3038 {686}
3039 {675}
3041 {639}
3042 {637, 649, 670, 676, 695}
3046 {653}
3048 {639, 644, 645, 653, 663, 669, 670, 681, 691, 703}
3049 {654}
3050 {629, 634, 649, 660, 664, 667, 678, 704}
3053 {635, 644, 652, 663}
3055 {636, 653, 663, 678, 682, 696, 700}
3058 {632, 708}
3059 {632, 708}
3061 {661}
3064 {660}
3069 {636, 652, 653, 706}
3071 {648, 654}
3072 {703}
3073 {649, 654, 665, 691}
3075 {699}
3076 {665}
3078 {634, 652, 669, 676}
3080 {704}
3081 {639, 661}
3083 {675}
3084 {630, 678, 708}
3085 {635, 639, 660, 675, 677, 688, 695, 699, 701, 707, 708}
3088 {658}
3098 {639}
3106 {630, 635, 643, 659, 699}
3110 {647, 667, 696}
3111 {667, 696}
3113 {707}
3116 {630}
3117 {673}
3118 {655}
3119 {651, 678}
3120 {667, 669, 686, 690, 708}
3121 {655}
3122 {647, 700, 706}
3124 {667, 690, 696, 707, 708}
3129 {663}
3131 {690}
3133 {701}
3135 {667}
3137 {651, 685, 686}
3139 {697}
3141 {702}
3142 {667}
3146 {649, 661, 699, 702}
3147 {642, 655, 696}
3153 {641, 648, 650, 654, 687, 699, 704}
3154 {639, 646, 664, 694}
3155 {651, 696}
3156 {647, 648, 669}
3158 {686}
3159 {686}
3160 {636, 638, 658, 663, 676}
3164 {695}
3167 {682, 690}
3168 {655, 663, 706}
3169 {645, 661, 674}
3170 {663}
3172 {647, 700}
3174 {668}
3175 {675}
3183 {634, 640, 643, 655, 658, 662, 664, 665, 671, 680, 687}
3184 {634, 693}
3188 {644, 671}
3189 {644}
3191 {661, 663, 673, 680, 698}
3194 {656}
3195 {663, 670, 677}
3198 {653, 664}
3199 {661, 674}
3200 {691}
3201 {657, 692}
3202 {668}
3203 {668}
3204 {664}
3206 {632, 653, 660, 699, 706, 707, 708}
3207 {668}
3208 {661}
3209 {668, 671, 674, 697}
3210 {670}
3212 {635, 640}
3214 {663}
3216 {708}
3217 {634, 662, 667, 678, 696}
3221 {638, 648}
3222 {668}
3223 {668}
3224 {661, 674, 698}
3226 {674}
3227 {641, 653, 671, 692, 694, 702}
3230 {684, 695}
3231 {651, 702}
3232 {644, 647, 700}
3233 {633}
3234 {648, 695}
3237 {640, 687, 690, 697}
3238 {632, 699}
3242 {692}
3243 {687, 693, 696}
3245 {647, 691}
3246 {648, 657, 666, 673, 700}
3247 {674, 695}
3248 {682}
3258 {653}
3260 {650, 680, 698}
3261 {677, 698, 701}
3264 {708}
3265 {661, 674}
3266 {633, 635, 691}
3268 {647, 653, 658, 691, 692, 695, 703}
3269 {674}
3271 {661}
3272 {661, 674}
3275 {635, 642, 691}
3277 {642, 659, 660, 668, 674, 705}
3279 {638}
3282 {636, 670, 700, 709}
3283 {642, 697, 705}
3284 {636, 641, 660, 676, 703}
3285 {653, 680}
3289 {661, 672, 674}
3291 {636, 684}
3293 {650, 652}
3294 {636}
3295 {636}
3296 {656}
3299 {676, 695, 696, 703}
3301 {644, 653, 707}
3302 {636, 643}
3303 {636, 643}
3306 {630, 642, 686}
3307 {681}
3308 {636, 676, 709}
3310 {636, 643, 645}
3311 {677, 684}
3313 {661, 674, 698}
3317 {630, 652}
3318 {636}
3321 {648}
3327 {636}
3328 {636, 700}
3329 {637}
3330 {706}
3331 {636, 650, 693, 696}
3332 {677, 681}
3333 {689, 709}
3335 {629}
3337 {632, 645, 653, 687}
3340 {681}
3341 {677, 706}
3342 {660}
3343 {636, 703}
3344 {656, 691}
3348 {700, 702}
3350 {657, 677}
3356 {636}
3363 {700}
3369 {709}
3372 {656, 681}
3373 {647}
3375 {685}
3377 {646, 679, 702}
3380 {636, 674, 704}
3381 {691}
3382 {634, 641, 650, 652, 655, 687, 708}
3388 {660}
3391 {701}
3395 {644}
3397 {675}
3401 {702}
3404 {692, 698}
3405 {681, 707}
3407 {648, 659, 702, 704}
3411 {660}
3416 {633, 671}
3419 {658}
3431 {647, 698}
3433 {664}
3437 {692}
3438 {646, 677, 686}
3440 {675, 704}
3442 {676}
3443 {658}
3444 {671}
3445 {630, 635, 652, 670, 681, 700, 702}
3455 {658}
3470 {664}
3476 {693, 694}
3489 {647, 673}
3490 {650}
3492 {628, 670}
3495 {646, 665, 702}
3496 {665}
3497 {687}
3499 {682}
3501 {633, 669}
3503 {646, 665, 701, 702}
3504 {628, 661, 686, 696, 703}
3505 {675, 678}
3508 {650, 691}
3510 {702}
3512 {646}
3513 {630}
3515 {640, 651, 662}
3518 {636, 646, 665, 694}
3519 {649}
3525 {675}
3526 {646, 665}
3527 {646, 665}
3528 {646, 665}
3531 {673, 679, 692, 702}
3532 {648, 673}
3533 {654, 675, 687}
3534 {636, 705}
3535 {630, 633, 698}
3536 {656, 665}
3537 {666, 687, 697}
3538 {680, 684, 695}
3539 {696}
3540 {649, 667, 669, 678, 690, 696, 707, 708}
3542 {635}
3546 {636, 641, 645, 650, 666, 680, 684, 703, 704, 707}
3547 {637, 647, 674}
3548 {628, 634, 641, 642, 649, 652, 669, 673, 685, 686, 696, 699, 708}
3549 {636, 663, 709}
3550 {646}
3551 {707}
3555 {709}
3556 {667, 696, 707, 708}
3557 {667}
3558 {667, 690, 696, 707, 708}
3559 {666}
3562 {649, 666, 667, 696, 697}
3564 {643, 651}
3566 {630}
3567 {696}
3569 {666, 688, 707, 708, 709}
3571 {648}
3573 {642, 649}
3574 {688, 695}
3578 {676}
3579 {671}
3581 {690, 707}
3582 {708}
3583 {649, 667}
3585 {639, 642, 645, 659, 666, 667, 672, 690, 707}
3586 {644, 650, 675}
3587 {635, 639, 652, 706}
3588 {630, 703, 704}
3589 {634}
3591 {701}
3593 {700}
3594 {637, 657, 658, 670}
3597 {644}
3599 {635}
3600 {674, 687, 696}
3601 {679, 687, 690, 695, 707}
3602 {652, 660, 696}
3605 {678}
3606 {649, 696}
3607 {663}
3615 {669}
3618 {656, 669, 676, 685, 687, 701}
3621 {650, 657, 659, 660, 672, 677, 681, 700}
3623 {654, 669}
3626 {660, 695, 704, 709}
3627 {676}
3628 {628}
3630 {693}
3631 {669, 675, 682, 689}
3632 {682}
3634 {649}
3635 {646}
3637 {706}
3639 {661}
3640 {640, 680}
3645 {669, 671, 690}
3646 {669}
3649 {690}
3650 {706}
3651 {646}
3654 {669}
3655 {639, 648, 670, 690, 700}
3658 {647, 680}
3659 {646}
3661 {668}
3662 {638, 672, 690}
3665 {631, 689}
3666 {701}
3668 {644, 664, 688, 704}
3677 {689}
3682 {634, 660, 678, 704}
3684 {675}
3688 {661, 686}
3690 {652, 679, 680, 703}
3695 {643, 647}
3697 {688}
3700 {647, 658, 675}
3702 {635}
3703 {661}
3704 {653, 692, 698}
3705 {673}
3711 {655}
3713 {669, 681}
3714 {670}
3717 {660}
3720 {649, 689}
3723 {630}
3725 {653}
3728 {664}
3734 {629, 639}
3736 {649, 660}
3741 {650}
3743 {639, 664}
3744 {639, 690}
3745 {694}
3747 {669}
3749 {631}
3750 {631}
3751 {631}
3753 {631}
3754 {637, 654, 679}
3755 {631, 654, 667, 669, 672, 687, 697}
3756 {689}
3757 {631}
3758 {629, 631, 661, 674}
3759 {631, 689, 709}
3760 {631}
3761 {631, 689}
3762 {631, 693}
3763 {630, 696}
3764 {708}
3765 {669}
3766 {650, 689}
3768 {631}
3769 {631, 683}
3770 {631}
3772 {681}
3773 {663, 691, 709}
3774 {654}
3775 {668}
3776 {666, 699}
3777 {630, 641}
3779 {631}
3780 {631}
3782 {641, 708}
3783 {676, 702, 704}
3784 {631, 689}
3785 {631, 696}
3786 {631}
3787 {631, 651, 658, 698}
3788 {631}
3789 {631}
3790 {631}
3791 {631}
3794 {631}
3795 {631, 689}
3796 {631, 636, 686}
3797 {631}
3798 {631}
3799 {634, 652, 660, 704}
3800 {634, 704}
3803 {639}
3805 {670, 706}
3808 {634, 660, 704}
3809 {631, 704}
3810 {692}
3813 {634, 704}
3814 {634, 704}
3815 {671, 692, 703}
3816 {634, 660, 678, 704}
3820 {633, 674, 680}
3821 {633, 639, 645, 647, 658, 664, 678, 693, 698}
3823 {630, 641, 685}
3825 {634}
3827 {676}
3828 {630, 631, 656}
3831 {667, 672, 687, 689}
3832 {634, 704}
3834 {632, 642, 659}
3839 {630, 646, 649, 653, 698, 700}
3841 {649}
3844 {654}
3846 {644}
3847 {634}
3858 {684, 709}
3859 {629}
3860 {647}
3864 {636, 644}
3867 {651, 704}
3869 {636, 658, 665, 702}
3870 {643, 686}
3873 {634}
3878 {692, 696, 697}
3884 {679}
3886 {649, 653, 671, 680}
3891 {676, 689}
3900 {707}
3902 {636, 695, 698}
3906 {680, 683, 689, 709, 710}
3907 {690}
3908 {633, 665}
3911 {662}
3917 {696}
3918 {630, 681}
3925 {640, 650}
3926 {666}
3931 {650, 704}
3932 {629}
3934 {693}
3941 {667, 678, 690, 696, 707}
3942 {674}
3944 {647, 660, 691, 696}
3947 {695}
3949 {708}
3950 {669}
3954 {664, 694}
3955 {696, 707}
3956 {635}
3957 {687}
3960 {653}
3961 {654, 704}
3962 {656}
3963 {652, 697}
3964 {634, 660, 704}
3967 {662, 694}
3968 {637, 644}
3969 {655, 671}
3971 {633, 636, 645, 702}
3978 {678}
3980 {653}
3983 {641, 642, 697}
3984 {641}
3986 {663}
3987 {642, 647}
3988 {670}
3989 {670}
3991 {670}
3994 {657, 670, 700}
3996 {702}
3997 {670}
4001 {649, 658}
4008 {675, 692}
4011 {670}
4013 {694}
4014 {629, 656, 670, 708}
4015 {692, 694}
4016 {694}
4019 {696, 710}
4021 {655, 656, 657}
4022 {670}
4023 {670}
4024 {670}
4026 {664}
4027 {645, 663, 670, 677, 684}
4029 {670}
4030 {670}
4031 {670}
4033 {675}
4035 {685}
4036 {647, 650, 680}
4038 {644, 650, 651, 659, 689}
4041 {635}
4043 {665}
4045 {636}
4047 {700}
4048 {643, 646, 676, 679, 702}
4050 {637, 652, 665, 675}
4057 {661}
4058 {663}
4060 {668}
4061 {651}
4063 {662, 663, 675, 680, 709}
4068 {658}
4071 {678}
4072 {648}
4073 {652, 681}
4074 {635, 641}
4075 {649}
4081 {698}
4082 {663}
4084 {630, 708}
4086 {654, 690, 698}
4088 {689}
4089 {675}
4094 {698}
4096 {675, 682}
4098 {705}
4105 {630, 655}
4107 {650, 653}
4108 {653, 682, 692}
4110 {692}
4111 {682}
4113 {693}
4115 {636, 674}
4116 {650}
4124 {650, 668, 687}
4125 {687}
4132 {633, 639, 647, 666, 683}
4136 {692}
4138 {650, 652, 653, 702}
4140 {643, 698}
4142 {656}
4143 {635, 659, 678, 695, 708, 709}
4144 {655}
4145 {655, 675}
4155 {693}
4156 {630}
4159 {683}
4160 {634, 678, 687, 704}
4168 {661}
4169 {646, 658, 664, 686}
4178 {643, 696, 700}
4181 {664}
4183 {629}
4189 {698}
4190 {708}
4194 {640, 698}
4195 {677}
4199 {710}
4201 {629, 689}
4205 {658, 683}
4208 {707}
4210 {650, 685, 705}
4213 {662}
4218 {639}
4219 {639, 664, 689}
4220 {693}
4221 {675}
4223 {659, 669, 707}
4226 {636, 701}
4227 {678, 700}
4228 {658}
4229 {636, 647, 674, 693, 702, 708, 709}
4232 {659}
4235 {658}
4238 {692}
4241 {661}
4242 {661, 674}
4243 {661}
4244 {661, 674}
4245 {661, 674}
4246 {661, 674, 698}
4248 {661, 674}
4249 {661, 674}
4250 {674, 698}
4259 {640, 662}
4260 {674}
4261 {674}
4263 {661, 674}
4264 {696}
4265 {674}
4266 {674}
4267 {661}
4268 {631, 699}
4272 {656}
4273 {629}
4277 {629}
4282 {698}
4283 {647, 648}
4284 {690, 705}
4286 {637}
4287 {663}
4289 {662, 680}
4290 {674}
4294 {640, 664, 665, 687}
4295 {661}
4297 {661, 674}
4298 {661}
4300 {661, 674}
4302 {635, 661}
4303 {661, 706}
4308 {661, 674}
4310 {698}
4311 {661, 699}
4312 {678}
4318 {674, 677}
4319 {674}
4320 {645, 661, 664, 666, 683}
4322 {669, 674}
4325 {630, 646, 670}
4334 {656}
4341 {632, 659, 710}
4355 {670}
4364 {669}
4367 {633}
4368 {652}
4370 {692, 702}
4372 {652}
4375 {639, 652}
4376 {652}
4377 {642, 645, 658}
4378 {647, 676, 683}
4379 {652, 697, 699}
4381 {657, 682}
4383 {652}
4388 {641}
4395 {652}
4396 {652}
4397 {652}
4398 {652}
4399 {652}
4400 {652, 696}
4402 {652, 697, 704}
4403 {652, 660, 678, 704}
4404 {670}
4407 {652}
4408 {696}
4409 {652}
4410 {652}
4411 {652}
4412 {652}
4413 {652, 696}
4414 {652, 696}
4415 {652}
4416 {652}
4417 {641, 652, 666, 708}
4418 {652}
4419 {652}
4420 {652}
4421 {652}
4422 {652}
4424 {647, 662}
4425 {635}
4426 {658}
4428 {635}
4431 {658, 691}
4440 {653, 678, 687, 703, 704}
4448 {632, 635, 647, 656, 690}
4450 {630, 644, 653, 655, 698}
4452 {695, 708}
4453 {649, 653, 654, 687}
4456 {632}
4457 {656, 668, 672, 686, 695, 696}
4459 {656}
4462 {650}
4463 {632}
4464 {637, 672, 695}
4465 {647}
4468 {633}
4479 {664, 707}
4480 {637, 677}
4484 {628, 640, 703}
4486 {653}
4488 {642}
4489 {642}
4494 {634, 638}
4495 {655}
4496 {644}
4505 {630, 702}
4513 {637, 644, 688}
4514 {686}
4516 {634, 644, 660}
4517 {634, 656, 657}
4519 {645, 649, 651, 652, 676}
4522 {629, 685}
4523 {660, 661, 681, 696}
4525 {629, 633, 675, 703, 709}
4528 {699}
4532 {667, 687}
4533 {667, 687}
4534 {696}
4536 {648}
4537 {701}
4544 {685}
4548 {635, 702}
4549 {633, 658}
4551 {667}
4553 {639, 669}
4555 {640, 652, 700}
4557 {643, 649, 651}
4561 {629, 691}
4565 {637}
4567 {659}
4568 {685}
4575 {658}
4576 {659, 694}
4579 {683}
4582 {674, 683}
4584 {671, 702}
4586 {639, 657}
4589 {657, 670, 700}
4598 {644, 668, 702}
4599 {701}
4602 {682}
4603 {660, 702}
4605 {659, 698, 706}
4606 {657, 698}
4607 {673}
4608 {696}
4609 {675}
4610 {653}
4612 {709}
4614 {693}
4617 {635}
4619 {633, 635, 647, 674}
4623 {647, 648, 659}
4625 {677, 684}
4626 {670, 700}
4627 {670, 700}
4628 {658}
4630 {635}
4637 {649, 667, 696}
4638 {639}
4646 {667, 706}
4647 {696}
4648 {697}
4654 {695}
4655 {647, 701}
4656 {700, 703, 709}
4657 {645}
4660 {696, 697}
4662 {637, 650, 679}
4663 {661, 674}
4665 {648, 685, 708}
4666 {635, 646}
4667 {695, 709}
4669 {684}
4676 {667, 696}
4677 {648, 704}
4679 {709}
4680 {637, 641, 676, 683}
4682 {706}
4687 {668}
4688 {635, 661, 688}
4689 {666, 689, 692}
4698 {650}
4702 {635}
4704 {655}
4705 {682, 694, 695}
4707 {663}
4709 {651}
4711 {701}
4712 {661, 674}
4716 {699}
4717 {635, 640, 647, 650, 678}
4720 {645}
4725 {645, 655, 668, 677, 694, 700}
4727 {629, 669}
4728 {667}
4729 {635}
4734 {687}
4736 {628, 638, 672}
4746 {650}
4747 {650, 653, 680}
4748 {663, 664, 680}
4750 {680}
4751 {662, 675}
4752 {673, 680, 694}
4756 {673}
4758 {662, 668}
4759 {650, 653, 680}
4761 {634, 685, 693}
4762 {650}
4764 {658, 680}
4766 {696}
4769 {633, 661}
4770 {636}
4771 {687, 697}
4772 {670}
4773 {650, 653, 680}
4774 {637, 698}
4778 {630, 661, 689}
4779 {709}
4780 {650, 653, 680}
4781 {686}
4782 {648}
4788 {643}
4790 {644}
4794 {635, 692, 700}
4796 {658, 685}
4798 {656}
4803 {633}
4805 {706}
4806 {652}
4807 {672}
4808 {634, 656, 669}
4809 {708}
4814 {649, 692, 701}
4817 {685}
4818 {630, 635, 650, 695, 700, 708}
4819 {645, 663}
4821 {649}
4824 {639, 643, 647, 656, 657, 688, 700}
4825 {663, 702}
4829 {650}
4835 {695, 702}
4842 {645, 657, 694, 700}
4847 {649, 696}
4849 {650}
4850 {638}
4860 {663}
4861 {662, 674, 685, 692}
4867 {686}
4868 {671}
4870 {645}
4874 {657}
4880 {636}
4882 {629, 633, 657, 676, 677}
4883 {668}
4885 {657}
4888 {657}
4891 {651, 700}
4893 {700}
4895 {690}
4896 {677}
4897 {655, 687, 707}
4898 {677}
4901 {677}
4902 {675, 683, 692}
4906 {679, 689}
4907 {639, 657, 700}
4918 {685}
4920 {664}
4923 {651, 698}
4930 {675}
4937 {675, 693}
4947 {635, 656, 659, 669, 686}
4948 {647}
4952 {651}
4955 {656}
4957 {672, 673}
4959 {664}
4967 {695}
4975 {691}
4985 {674, 687}
4994 {645, 695, 699}
5005 {682, 700}
5011 {687, 701}
5028 {673, 694}
5038 {701}
5039 {701}
5040 {651}
5054 {709}
5055 {709}
5057 {633}
5058 {660, 669, 674, 675, 687, 709}
5059 {681}
5062 {691}
5065 {641, 647, 691, 695, 708}
5066 {681, 707}
5073 {709}
5074 {658}
5075 {648, 677, 708}
5087 {663}
5089 {653, 689}
5093 {631}
5096 {689}
5097 {709}
5098 {689}
5102 {647, 684}
5103 {633, 647, 671, 684, 691}
5104 {702}
5105 {692}
5106 {639, 695}
5107 {647}
5110 {646, 663, 665, 690, 696}
5111 {646, 665, 673, 702}
5113 {646}
5115 {689}
5116 {665}
5120 {646}
5123 {646}
5127 {671}
5131 {692, 701}
5135 {650, 686}
5138 {646, 665}
5139 {703}
5156 {648}
5160 {702}
5166 {702}
5169 {691}
5172 {639}
5179 {643, 651, 665, 671}
5180 {680, 694}
5182 {671}
5185 {696}
5190 {639, 664, 687}
5191 {628, 692, 698}
5196 {647, 699}
5199 {689, 696}
5205 {650, 658, 684, 696}
5209 {655, 668, 697, 704}
5212 {690}
5214 {673}
5218 {682}
5220 {665}
5222 {653}
5224 {678, 703}
5228 {634}
5236 {646, 652}
5237 {646}
5240 {657, 702}
5241 {665, 682}
5242 {646, 665}
5243 {684, 708}
5245 {664, 673}
5250 {669}
5255 {650}
5256 {667}
5257 {647, 660, 665}
5260 {697}
5261 {646, 657}
5262 {693}
5264 {637, 640, 703}
5269 {645}
5270 {702}
5289 {653}
5291 {700}
5297 {677}
5300 {694, 701}
5306 {680, 684, 703, 704}
5308 {657, 677, 700}
5309 {663}
5310 {687}
5312 {691}
5317 {642}
5318 {684}
5319 {640, 651, 655}
5321 {653, 656, 676}
5324 {645}
5327 {648, 692}
5329 {635, 640, 685}
5330 {634, 685, 708}
5333 {678}
5334 {670}
5341 {654}
5348 {656}
5349 {701}
5352 {639, 647, 652}
5358 {628, 654, 669, 674}
5361 {635, 659, 690, 697}
5362 {657}
5363 {643, 661}
5364 {662, 696, 697}
5366 {690, 707, 708}
5369 {685}
5374 {628, 655, 656, 664, 669, 694, 701}
5376 {656}
5378 {655, 664}
5380 {639, 706}
5381 {639, 706}
5385 {698}
5387 {652}
5396 {649, 650, 653, 679, 680, 696}
5399 {663}
5400 {680, 698}
5403 {634, 701}
5406 {660}
5407 {636}
5411 {643, 650, 678, 680}
5412 {630}
5413 {640, 654, 660, 686, 689, 702}
5418 {650, 680, 683, 696}
5419 {650, 680}
5421 {688}
5429 {704}
5430 {685}
5434 {647, 654, 675}
5435 {680}
5437 {658, 695}
5439 {630}
5442 {643, 692}
5444 {638, 675}
5448 {667, 688}
5450 {628, 702}
5454 {640}
5458 {643, 651}
5459 {661}
5464 {660, 672}
5468 {687}
5470 {676}
5471 {673, 680, 692, 694}
5476 {642, 647}
5478 {669}
5480 {674, 699}
5493 {639}
5494 {635, 679, 686}
5498 {635, 642, 669, 679, 686, 699}
5499 {635, 669, 686}
5509 {686}
5511 {676}
5516 {635}
5518 {633, 643, 649, 651}
5520 {702}
5521 {686}
5522 {698}
5534 {702}
5535 {677}
5537 {685}
5539 {668}
5541 {639, 677, 695, 700}
5543 {673}
5548 {631, 671}
5550 {648, 669}
5552 {632, 655}
5555 {656}
5560 {663, 667, 709}
5563 {703}
5564 {696}
5567 {654, 676}
5568 {639, 700}
5573 {633}
5574 {665}
5578 {663}
5587 {657}
5590 {632, 688}
5593 {640}
5599 {673}
5607 {706}
5608 {659}
5613 {659}
5614 {659}
5615 {659}
5616 {659}
5617 {652, 657, 695}
5620 {632, 637, 642, 681, 703}
5621 {632, 637, 642, 681, 703}
5622 {659}
5623 {659}
5624 {642, 659}
5627 {659, 699}
5628 {659}
5629 {632, 659}
5630 {659}
5631 {659}
5633 {642, 659}
5634 {659}
5635 {659}
5636 {659}
5637 {659}
5639 {659}
5640 {659, 698}
5641 {659}
5643 {650, 653, 689, 691}
5645 {646}
5647 {637, 673}
5649 {696}
5650 {708}
5652 {636, 642, 658, 707}
5653 {630}
5659 {692}
5660 {675}
5668 {696}
5671 {664, 673}
5672 {635, 645, 648, 655, 700, 706}
5676 {650, 680, 704}
5678 {637, 643}
5681 {648}
5684 {677}
5693 {697}
5697 {681}
5704 {647, 703}
5705 {644, 702}
5709 {702}
5714 {655}
5715 {657}
5718 {668}
5724 {675}
5725 {657}
5730 {693}
5731 {630, 693, 706}
5736 {677}
5743 {631, 672, 696}
5744 {645, 700}
5751 {681}
5756 {634, 698}
5757 {633}
5762 {696}
5763 {662, 669}
5766 {655, 657}
5768 {638, 642, 672}
5770 {653}
5772 {642}
5778 {630}
5779 {697}
5784 {680}
5786 {645, 648}
5788 {673}
5789 {629, 644, 704}
5796 {632, 701}
5801 {664, 682}
5804 {640}
5809 {703}
5812 {647, 663, 669}
5830 {632}
5848 {629, 650}
5849 {691}
5850 {634, 650, 709}
5851 {636, 691}
5852 {630, 696}
5854 {647}
5855 {647}
5856 {647}
5857 {647}
5858 {647}
5859 {647}
5862 {633, 645, 647, 658}
5864 {633, 647}
5867 {633}
5868 {633}
5869 {633, 647}
5870 {633}
5871 {633}
5872 {647}
5875 {695}
5879 {698}
5880 {691}
5881 {677}
5884 {669}
5885 {647}
5886 {647, 693}
5887 {647}
5893 {647, 648}
5894 {647}
5897 {647}
5900 {658}
5903 {635, 647}
5904 {703}
5905 {647}
5906 {634, 647}
5909 {647, 665}
5912 {647}
5916 {662}
5917 {684, 686, 696, 706}
5919 {647}
5920 {633}
5923 {633, 665, 691}
5926 {661, 669, 674, 707}
5927 {647}
5928 {634, 647}
5929 {647}
5930 {647}
5934 {648}
5937 {707}
5941 {650, 692}
5942 {694}
5943 {699}
5945 {667}
5949 {693}
5950 {640}
5952 {703}
5959 {685}
5963 {680}
5970 {692, 700}
5980 {655, 667}
5983 {697}
5985 {679, 706}
5991 {666, 696}
5992 {696}
5993 {635, 649, 660}
5995 {631, 637, 650}
5997 {639}
6001 {702}
6005 {670}
6007 {689}
6015 {639, 689}
6023 {696}
6025 {696, 707, 708}
6026 {630}
6027 {655, 681}
6032 {634}
6035 {694}
6036 {658, 694, 701}
6039 {645, 664, 692, 693, 694, 701}
6043 {671, 675}
6046 {694, 701}
6048 {698}
6054 {701}
6055 {701}
6056 {636}
6063 {652}
6069 {693}
6071 {693, 701}
6072 {693}
6073 {682}
6076 {645, 664, 692, 693, 694}
6077 {629, 669}
6078 {701}
6079 {694, 701}
6083 {701}
6084 {701}
6085 {701}
6086 {645, 694, 701}
6088 {675, 693}
6091 {675, 701}
6097 {665}
6100 {663}
6101 {673, 692}
6104 {704}
6105 {631}
6107 {688}
6108 {656}
6109 {645, 698}
6110 {645}
6112 {709}
6113 {680, 699, 706}
6123 {669}
6124 {662}
6125 {636, 678}
6133 {667}
6137 {704}
6141 {672, 683}
6143 {689}
6145 {643}
6147 {637}
6153 {632, 653}
6157 {691}
6159 {655}
6172 {643, 653}
6173 {688}
6174 {677}
6180 {681}
6181 {650}
6185 {675, 681}
6188 {664}
6192 {632, 656, 689}
6193 {680}
6194 {669}
6197 {648}
6198 {681, 702}
6202 {698}
6203 {690}
6210 {649}
6215 {703}
6216 {703}
6217 {682, 689}
6221 {647}
6225 {680}
6238 {694}
6242 {682}
6249 {646}
6259 {677}
6260 {646}
6272 {662, 682}
6274 {691}
6276 {709}
6284 {662}
6286 {658}
6290 {662, 705}
6292 {692}
6298 {698}
6309 {648, 689}
6311 {647, 690, 693}
6312 {634, 683}
6317 {632}
6328 {634, 704}
6339 {671, 708}
6341 {685}
6344 {660, 666, 667, 697}
6345 {634, 660, 678, 704}
6346 {706}
6350 {661}
6351 {678}
6353 {703, 706}
6354 {674}
6357 {649, 652}
6358 {704}
6359 {634}
6361 {660, 696}
6363 {634, 640, 671, 672, 685}
6364 {670}
6365 {674}
6368 {655}
6371 {669}
6372 {674}
6376 {647}
6392 {677}
6395 {672}
6396 {638, 672, 675}
6397 {638, 672}
6398 {687}
6400 {655}
6406 {655}
6410 {704}
6411 {669, 704}
6414 {658}
6417 {677}
6418 {657, 662}
6419 {669, 683}
6425 {693}
6433 {681}
6434 {653, 674}
6435 {708}
6436 {681}
6437 {681}
6439 {671, 681, 709}
6441 {701}
6443 {662}
6445 {636, 671, 677, 703}
6447 {646, 687, 690}
6450 {681}
6451 {681}
6453 {631}
6454 {695}
6460 {681}
6464 {681}
6467 {657}
6468 {681}
6471 {650}
6476 {682}
6482 {663, 698}
6483 {648}
6486 {678, 686}
6491 {681}
6495 {691}
6500 {676}
6502 {629, 639}
6505 {673}
6506 {635, 636, 700}
6512 {680, 682}
6522 {630, 636, 644, 696, 707}
6523 {675, 681, 710}
6525 {655}
6527 {648, 679}
6529 {657}
6530 {690}
6533 {695}
6534 {681}
6537 {692}
6539 {698}
6548 {706}
6554 {670, 700}
6577 {643, 697}
6578 {700}
6581 {679, 702}
6582 {663}
6583 {685}
6595 {695}
6599 {681}
6601 {634}
6609 {657}
6610 {697, 707}
6612 {662, 680}
6616 {669}
6617 {708}
6625 {690}
6627 {660, 704}
6628 {661, 672, 693}
6629 {638}
6640 {671}
6643 {704}
6644 {696}
6645 {657}
6647 {671, 695}
6649 {642, 699}
6651 {705}
6659 {638, 672}
6661 {676}
6662 {630}
6663 {678}
6665 {688}
6684 {680}
6689 {698}
6694 {692, 693}
6708 {688, 693}
6710 {674}
6713 {639, 649, 674, 689}
6715 {674}
6720 {662, 674}
6721 {674}
6724 {674}
6725 {664, 674}
6726 {674}
6729 {664}
6730 {661, 674}
6734 {686}
6735 {636}
6743 {674}
6744 {634}
6747 {631, 648, 673}
6759 {694}
6760 {648}
6762 {649}
6764 {628, 678, 684, 695}
6767 {630, 639, 685, 695, 699}
6768 {672, 673, 677, 704}
6772 {634, 659, 708}
6773 {634, 655, 678}
6775 {706}
6779 {634}
6780 {644, 651}
6781 {678, 688}
6785 {632, 709}
6786 {704}
6788 {689, 709}
6791 {637, 671, 676}
6793 {634, 683}
6797 {635}
6802 {673}
6806 {694}
6813 {635, 636, 691, 703}
6821 {639}
6823 {651}
6825 {663}
6828 {656}
6831 {651, 705}
6835 {652}
6836 {698}
6837 {676}
6839 {646}
6840 {636}
6842 {645, 703}
6843 {699}
6847 {628}
6848 {665}
6874 {692}
6876 {675}
6885 {689}
6898 {648}
6908 {673}
6913 {673}
6914 {696}
6916 {692}
6918 {676}
6920 {695, 706}
6923 {706}
6937 {657, 664}
6939 {641}
6941 {630, 685}
6950 {646, 676}
6955 {680}
6959 {650}
6960 {639}
6961 {649, 680}
6975 {682}
6982 {649}
6983 {687}
6984 {630}
6990 {678}
6998 {653}
7005 {660, 689, 707}
7019 {673}
7020 {685}
7045 {679}
7050 {653}
7060 {698}
7072 {629}
7076 {664}
7084 {679, 697}
7089 {687}
7090 {634, 648}
7092 {698}
7095 {691}
7104 {699}
7119 {696}
7136 {644}
7142 {647, 659, 664}
7144 {661}
7147 {666}
7148 {666}
7149 {666}
7150 {666}
7151 {666}
7152 {666}
7153 {666}
7154 {666, 690}
7155 {666}
7156 {666}
7157 {646, 660, 666}
7158 {660, 666}
7159 {666}
7160 {660, 666}
7161 {666}
7162 {657}
7163 {655}
7165 {698}
7168 {680}
7169 {698}
7178 {704}
7180 {629}
7184 {644}
7187 {634, 651, 660}
7188 {653}
7189 {653}
7190 {695}
7196 {676}
7200 {687}
7209 {630}
7210 {660, 669, 686}
7211 {702}
7224 {703}
7225 {632, 708}
7226 {635, 637, 641}
7229 {649, 663}
7230 {688}
7232 {659}
7233 {703}
7239 {632, 637, 641, 650}
7251 {640, 667}
7254 {696}
7260 {687}
7266 {637, 679, 703}
7270 {667}
7275 {696}
7284 {655}
7287 {647}
7293 {664}
7295 {664}
7298 {694}
7300 {694}
7301 {664}
7305 {682}
7306 {654}
7310 {664, 692}
7311 {664}
7317 {664}
7318 {664}
7324 {675}
7331 {664}
7333 {664, 694}
7337 {693, 701}
7339 {687}
7358 {702}
7365 {664}
7377 {663}
7382 {634}
7385 {675}
7389 {669}
7391 {646}
7393 {687}
7396 {678}
7402 {679}
7403 {694}
7405 {677, 699}
7406 {645}
7409 {688}
7412 {690, 707}
7413 {690}
7422 {696}
7427 {698}
7428 {708}
7433 {637, 703}
7436 {698}
7443 {668, 696}
7444 {638}
7446 {667, 669, 704}
7448 {661}
7449 {692}
7450 {660}
7455 {686}
7456 {653, 656, 676}
7458 {662, 673}
7467 {673, 706}
7468 {702}
7470 {697}
7471 {698}
7476 {673}
7478 {685, 691}
7479 {664, 669, 687}
7480 {668}
7504 {673}
7521 {651}
7534 {639}
7540 {656, 669}
7541 {702}
7544 {647}
7545 {634}
7550 {664}
7551 {629, 650, 699}
7553 {634, 668}
7555 {676, 703}
7559 {639}
7565 {671, 709}
7566 {709}
7569 {698}
7573 {649, 667}
7574 {635, 684}
7575 {633, 691}
7576 {633, 647, 691}
7578 {678}
7579 {630}
7580 {690}
7597 {643}
7600 {664}
7603 {678, 694}
7604 {643}
7605 {629}
7608 {660, 688}
7609 {644}
7613 {653, 675}
7614 {636, 690}
7615 {643}
7619 {669, 680}
7621 {683}
7624 {696}
7629 {696}
7631 {692}
7633 {632, 660, 699}
7637 {687}
7648 {696}
7649 {696}
7655 {706}
7657 {634}
7664 {696}
7666 {676}
7667 {696}
7668 {696}
7680 {687, 699}
7684 {687}
7699 {686}
7706 {671, 691}
7707 {671, 691}
7720 {661, 674}
7723 {645}
7725 {686}
7727 {632}
7736 {700}
7739 {647}
7745 {630, 686}
7747 {664}
7749 {659}
7752 {630}
7753 {650}
7757 {663}
7762 {696}
7764 {649}
7769 {641}
7775 {649}
7780 {633}
7781 {675}
7786 {698}
7809 {660, 689}
7814 {660}
7815 {660}
7816 {660}
7817 {660}
7820 {647}
7821 {693, 703}
7825 {634, 704}
7830 {628, 690, 697}
7836 {646, 680}
7839 {649}
7843 {660, 674}
7844 {696, 697}
7848 {639}
7849 {673, 674, 687}
7851 {661}
7866 {692}
7868 {662, 685}
7874 {656}
7876 {655}
7879 {662}
7881 {673}
7884 {633}
7885 {665, 677}
7891 {693}
7906 {701}
7912 {639}
7913 {654}
7916 {642}
7920 {703}
7939 {696}
7949 {673}
7956 {637, 647, 708}
7958 {664, 694}
7974 {698}
7991 {644}
7993 {707}
7995 {656, 689}
7997 {677}
8000 {639}
8015 {675}
8021 {680}
8023 {656}
8032 {702}
8044 {664, 682}
8050 {646}
8056 {675}
8057 {637}
8076 {684, 709}
8077 {677}
8080 {655}
8082 {672}
8083 {691}
8094 {637}
8111 {646, 682}
8117 {672}
8120 {646}
8121 {646}
8122 {646, 667}
8123 {646}
8125 {646}
8126 {646}
8127 {646}
8128 {646}
8129 {629, 646, 708}
8130 {646}
8131 {646}
8132 {646, 675}
8133 {646}
8135 {646}
8136 {646}
8137 {675}
8140 {684}
8145 {673}
8148 {629, 632, 643}
8149 {643}
8152 {658, 691}
8162 {681}
8179 {641, 671, 703}
8183 {702}
8190 {702}
8194 {643}
8196 {696}
8199 {635}
8200 {658, 701}
8201 {690}
8205 {643, 690}
8206 {667, 690}
8207 {690}
8208 {690}
8209 {690}
8210 {690}
8211 {690}
8212 {690}
8213 {690}
8214 {690}
8215 {690}
8217 {698}
8219 {690}
8220 {696}
8221 {690}
8222 {690}
8223 {690}
8224 {690}
8225 {690}
8226 {690}
8227 {690}
8229 {690}
8250 {702}
8263 {628}
8266 {709}
8268 {636}
8271 {671}
8272 {671}
8275 {696}
8278 {640, 655, 671}
8279 {671}
8280 {671}
8281 {671}
8282 {671}
8283 {680}
8287 {671}
8288 {671}
8289 {671}
8290 {667, 671}
8291 {671}
8292 {671}
8293 {671}
8294 {671}
8295 {671}
8296 {655, 671}
8297 {691}
8335 {707}
8338 {669}
8361 {631}
8371 {687}
8391 {637}
8402 {702}
8403 {662}
8414 {707}
8420 {686}
8421 {707}
8422 {707}
8433 {664}
8448 {699}
8454 {694}
8462 {664}
8470 {694}
8480 {678}
8495 {634}
8503 {698}
8507 {660}
8515 {662, 680}
8519 {650, 680}
8524 {660}
8532 {653}
8539 {692, 694, 702}
8546 {647}
8548 {699}
8551 {698}
8556 {702}
8557 {665}
8564 {701}
8579 {687}
8580 {650}
8593 {663}
8594 {702}
8608 {634}
8609 {664}
8612 {687, 707}
8617 {699}
8618 {632, 645, 653, 694}
8620 {662}
8629 {662}
8635 {641}
8644 {645}
8678 {636, 703}
8694 {653}
8697 {657}
8699 {634, 658}
8703 {657}
8706 {673, 677}
8708 {695}
8709 {660}
8712 {633, 695}
8713 {643, 674}
8714 {654}
8717 {651}
8718 {670}
8719 {670}
8723 {661}
8724 {673}
8729 {670}
8730 {663}
8731 {670}
8739 {670}
8746 {707}
8747 {649}
8756 {699}
8762 {648}
8765 {669}
8771 {639, 698}
8791 {695}
8792 {695}
8793 {684, 691}
8794 {645}
8798 {695}
8800 {702}
8802 {697}
8809 {687}
8811 {661}
8812 {629, 689}
8814 {673}
8819 {646, 665, 693}
8831 {639}
8836 {691}
8837 {633, 672}
8838 {633}
8839 {633}
8841 {684}
8842 {691}
8843 {633, 691}
8844 {691}
8845 {691}
8857 {639}
8859 {629}
8860 {645, 650}
8864 {637}
8869 {636}
8871 {687, 696, 708}
8872 {707}
8874 {697, 706}
8875 {639, 685, 710}
8877 {641, 661, 672, 695}
8881 {630, 662, 685}
8889 {630, 632, 648, 693}
8896 {698}
8900 {709}
8904 {659, 678}
8907 {698}
8913 {700}
8914 {662}
8926 {697}
8927 {686}
8930 {640}
8941 {702}
8962 {664}
8971 {694}
8978 {664}
8979 {664}
8980 {664}
8989 {633}
8993 {633, 646, 658, 691}
8994 {703}
8996 {633, 647}
8998 {678}
9016 {664}
9026 {649}
9043 {675, 692}
9055 {702}
9057 {635}
9058 {675}
9076 {628}
9078 {697}
9081 {697}
9085 {696}
9090 {690}
9091 {640}
9092 {660, 687, 702}
9093 {657}
9096 {696}
9099 {639}
9101 {685}
9116 {645, 669, 704}
9132 {696}
9137 {679}
9138 {630, 703}
9140 {695}
9144 {655}
9150 {688}
9168 {683, 686}
9217 {677}
9227 {630}
9228 {673}
9230 {702}
9243 {647, 649, 694}
9255 {668}
9269 {653, 675}
9271 {637, 704}
9273 {657}
9276 {648}
9277 {636}
9290 {696}
9294 {636}
9295 {630, 697}
9309 {688, 696}
9311 {651}
9318 {635}
9321 {653}
9322 {681}
9352 {675, 682}
9353 {675, 682}
9359 {702}
9371 {662, 698}
9374 {692}
9378 {710}
9381 {698}
9386 {658}
9404 {632}
9415 {665, 678, 682}
9438 {696}
9444 {678}
9454 {647}
9455 {634}
9465 {678}
9471 {641}
9475 {664, 694}
9476 {648, 673, 707}
9486 {655, 663}
9488 {691}
9502 {703}
9506 {674}
9511 {703}
9512 {653}
9517 {694}
9528 {653}
9550 {640}
9558 {709}
9570 {680}
9573 {633}
9576 {680, 701}
9584 {701, 702}
9588 {640, 678, 679}
9589 {665}
9590 {665, 702}
9591 {665, 702}
9598 {675}
9616 {636}
9633 {664}
9645 {678}
9646 {645}
9647 {651}
9648 {680, 705}
9677 {688}
9683 {688}
9687 {682}
9691 {669}
9694 {635, 678}
9707 {639}
9711 {698}
9718 {673}
9719 {659}
9727 {700}
9745 {710}
9761 {641, 695}
9768 {661}
9770 {674}
9773 {636, 647}
9776 {674}
9779 {677, 692, 698}
9784 {674}
9785 {674}
9791 {681}
9797 {665}
9800 {665}
9828 {665}
9844 {654}
9846 {634}
9864 {690, 708}
9865 {690, 708}
9866 {690, 708}
9867 {692}
9868 {647}
9874 {696}
9875 {707}
9876 {677}
9880 {708}
9881 {708}
9884 {708}
9886 {648}
9894 {693}
9905 {680}
9908 {639, 647, 677, 695}
9927 {639}
9933 {675}
9941 {652}
9942 {652}
9968 {701}
9979 {688}
9994 {648}
9996 {648}
9999 {667}
10005 {696}
10008 {677}
10013 {677}
10018 {694}
10024 {634, 657, 668, 696}
10028 {650}
10070 {672}
10102 {673}
10113 {685, 702}
10114 {662}
10143 {646}
10145 {646}
10156 {704}
10157 {669}
10171 {647}
10174 {635}
10176 {649}
10203 {696}
10214 {672}
10219 {696}
10223 {642}
10224 {644, 696}
10234 {675}
10240 {636}
10243 {685}
10250 {641, 685}
10255 {696}
10272 {641, 708}
10275 {663}
10289 {697}
10290 {675}
10294 {680}
10296 {681}
10301 {655}
10302 {710}
10303 {710}
10304 {710}
10323 {639}
10326 {668}
10327 {668}
10328 {668}
10332 {692}
10355 {694}
10356 {694}
10359 {677}
10366 {648}
10379 {653, 663}
10382 {703}
10384 {692}
10386 {692}
10388 {692, 694}
10395 {698}
10426 {707}
10438 {687}
10447 {665}
10464 {637}
10465 {696}
10476 {641}
10498 {645}
10502 {658, 698}
10503 {664}
10506 {672}
10518 {693}
10524 {701}
10527 {685}
10542 {630}
10547 {677}
10550 {680}
10562 {664}
10563 {668}
10564 {694, 701, 705}
10619 {681}
10651 {671}
10655 {660}
10676 {671}
10683 {696}
10691 {696}
10705 {660}
10709 {686}
10718 {664}
10730 {629}
10731 {679}
10734 {705}
10739 {679}
10742 {629, 630}
10743 {630}
10744 {630}
10745 {630, 656, 689}
10752 {630}
10754 {669}
10763 {664}
10765 {680}
10774 {664, 694}
10775 {664, 694}
10778 {692}
10803 {692, 698}
10812 {664, 694, 701}
10814 {695}
10821 {698}
10847 {656}
10855 {669}
10888 {669}
10908 {655}
10914 {655}
10916 {665}
10919 {696}
10925 {696}
10946 {655}
10950 {673}
10952 {663}
10962 {702}
10963 {703}
10965 {706}
10981 {694, 698}
10983 {678}
11016 {689}
11037 {682}
11046 {703}
11062 {629}
11066 {702}
11084 {706}
11087 {698}
11088 {706}
11089 {669, 706}
11090 {706}
11091 {706}
11094 {706}
11095 {706}
11105 {702}
11107 {651}
11109 {639}
11118 {652}
11123 {650}
11132 {637}
11133 {659}
11135 {637}
11138 {703}
11140 {648}
11141 {637}
11147 {659, 699}
11154 {639}
11156 {632}
11157 {632}
11169 {706}
11170 {647}
11175 {669}
11181 {702}
11185 {662}
11186 {636}
11188 {675}
11191 {675}
11198 {636}
11207 {677}
11217 {680}
11229 {643}
11235 {634}
11245 {683}
11249 {683}
11250 {683, 696}
11251 {683}
11257 {683}
11258 {683}
11270 {695}
11283 {637}
11286 {680, 685}
11290 {654}
11300 {636, 700}
11301 {636, 700}
11307 {657, 660}
11315 {689}
11316 {639, 663}
11321 {700}
11341 {696}
11343 {637}
11351 {650}
11367 {639, 640}
11372 {680}
11375 {684}
11380 {669}
11403 {687}
11406 {669, 696}
11409 {642}
11421 {639}
11430 {628}
11439 {636}
11456 {645}
11466 {661}
11468 {663}
11469 {658}
11470 {680}
11478 {680}
11484 {657}
11486 {696}
11501 {675}
11523 {677}
11525 {642}
11527 {675}
11537 {702}
11540 {643}
11541 {636}
11543 {651}
11554 {636}
11563 {701}
11564 {662}
11585 {701}
11592 {668}
11603 {651}
11605 {636, 647, 700}
11609 {634, 660}
11619 {628}
11629 {697}
11632 {634}
11634 {672}
11662 {694}
11664 {661}
11667 {629, 709}
11678 {665}
11697 {630}
11707 {660, 685, 704}
11713 {645}
11714 {645}
11715 {645}
11716 {645, 706}
11723 {653, 660, 697}
11725 {645}
11727 {682}
11735 {645}
11738 {642, 645}
11749 {658}
11750 {673}
11768 {694}
11786 {688}
11801 {647}
11805 {650}
11810 {701}
11823 {689}
11828 {654}
11844 {699}
11845 {698}
11856 {702}
11866 {689, 709}
11872 {689}
11873 {664, 689}
11874 {648}
11882 {675}
11893 {629, 647, 684}
11894 {629}
11908 {630}
11914 {673}
11917 {639, 684}
11919 {646}
11920 {646}
11924 {643, 651}
11928 {669}
11934 {668}
11945 {639}
11946 {639}
11950 {690, 708}
11951 {690, 708}
11973 {700}
11974 {699}
11978 {673}
11985 {673}
12003 {703}
12005 {675}
12007 {692}
12010 {673}
12012 {693}
12014 {631, 653}
12024 {668}
12040 {649}
12059 {635}
12063 {662}
12069 {674}
12076 {696, 707}
12090 {660}
12093 {685}
12100 {659, 673}
12103 {706}
12127 {639}
12135 {676, 695}
12141 {663}
12142 {630}
12151 {696}
12152 {661}
12159 {686}
12174 {656}
12199 {636}
12201 {647}
12203 {649}
12209 {667}
12214 {679}
12225 {702}
12246 {701}
12247 {702}
12248 {698}
12252 {673}
12259 {629}
12268 {670}
12314 {698}
12321 {652}
12358 {660}
12360 {678}
12374 {643}
12394 {644}
12401 {704}
12431 {693}
12452 {655}
12472 {647}
12477 {702}
12496 {708}
12500 {663, 670}
12501 {696}
12516 {706}
12526 {653}
12536 {641}
12538 {697}
12541 {651}
12561 {672}
12610 {660}
12631 {628}
12637 {649}
12673 {645}
12689 {652}
12693 {634}
12710 {694}
12736 {694}
12770 {701}
12803 {692}
12829 {676}
12851 {669}
12858 {685}
12862 {653}
12890 {681}
12899 {658}
12903 {655}
12926 {696}
12945 {656}
12975 {691}
12996 {650, 704}
13017 {692}
13051 {673}
13055 {649}
13068 {698}
13074 {642}
13077 {642}
13082 {704}
13087 {636}
13132 {680}
13133 {642}
13141 {676}
13144 {647}
13172 {663, 688}
13177 {658}
13179 {685}
13184 {688}
13185 {686}
13195 {653}
13224 {646}
13252 {700}
13265 {685}
13276 {648}
13283 {633, 648}
13299 {635}
13302 {636}
13304 {630}
13311 {699}
13315 {667}
13317 {639}
13325 {699}
13331 {699}
13347 {690}
13361 {660}
13365 {649}
13366 {649}
13383 {649}
13385 {685}
13396 {660}
13425 {673}
13447 {692}
13458 {646}
13484 {641}
13485 {696}
13490 {668}
13492 {702}
13495 {642}
13507 {633}
13515 {649}
13526 {707}
13533 {677}
13539 {682}
13554 {696}
13557 {645}
13559 {667}
13561 {645}
13582 {688}
13583 {688}
13584 {688}
13585 {632, 688}
13586 {688}
13587 {688}
13594 {643}
13599 {630}
13606 {634}
13618 {653, 676}
13634 {682}
13636 {636}
13637 {701}
13643 {635}
13668 {686}
13673 {640}
13694 {673}
13704 {662, 664, 692}
13705 {692}
13716 {679}
13724 {630}
13730 {685}
13731 {630}
13735 {654}
13739 {692}
13770 {663}
13788 {694}
13804 {696}
13808 {685}
13820 {709}
13826 {655}
13860 {667}
13885 {659}
13893 {637}
13910 {653}
13917 {702}
13939 {687}
13964 {702}
13985 {687}
13987 {639}
13989 {647}
14009 {702}
14011 {687}
14030 {639}
14031 {639, 699}
14033 {639}
14040 {664}
14041 {639}
14042 {639}
14048 {639, 664}
14049 {639}
14050 {639}
14051 {639}
14052 {663}
14053 {639}
14054 {639}
14055 {710}
14057 {639}
14058 {639}
14059 {639}
14060 {639}
14065 {675}
14083 {701}
14084 {701}
14097 {635}
14103 {632}
14105 {702}
14203 {636}
14206 {663}
14209 {679}
14224 {655}
14236 {696}
14239 {635}
14246 {670}
14247 {670}
14248 {670}
14249 {670}
14251 {670}
14252 {670}
14257 {670}
14258 {670}
14259 {670}
14260 {670}
14261 {670}
14270 {674}
14273 {697, 705}
14289 {657}
14292 {676}
14293 {628}
14295 {680}
14296 {676}
14337 {650}
14356 {675}
14360 {675}
14367 {687}
14379 {697}
14405 {650}
14440 {698}
14461 {676}
14474 {640}
14487 {639}
14488 {639}
14495 {633}
14496 {633}
14497 {633}
14505 {696}
14506 {669, 674}
14532 {675}
14584 {698}
14608 {661}
14621 {694}
14645 {675}
14650 {661}
14686 {651, 660, 665}
14699 {647}
14715 {669}
14716 {669}
14717 {669}
14718 {650}
14729 {661}
14741 {677}
14744 {639}
14747 {660}
14753 {655}
14756 {680}
14759 {698}
14776 {692}
14795 {690}
14802 {687, 707}
14814 {663}
14818 {636}
14826 {696}
14844 {639}
14846 {665}
14849 {635}
14856 {635}
14878 {701}
14883 {664, 694}
14894 {664}
14897 {669, 704}
14909 {675}
14943 {661}
14953 {636}
14954 {636}
14961 {656}
14967 {702}
14978 {656}
14979 {647, 691}
14981 {703}
15005 {660}
15024 {670}
15035 {649}
15046 {709}
15047 {645}
15048 {670}
15050 {663}
15052 {697}
15054 {697}
15057 {697}
15058 {697}
15059 {697}
15060 {697}
15061 {697}
15071 {676}
15072 {704}
15075 {634}
15082 {660}
15083 {660}
15084 {660}
15085 {660}
15086 {660}
15088 {658, 660}
15089 {660}
15109 {676}
15165 {662}
15167 {636}
15213 {669}
15217 {686}
15220 {702}
15234 {664}
15239 {630}
15244 {660}
15279 {692}
15295 {678}
15311 {653}
15316 {669}
15331 {647}
15375 {694}
15377 {694}
15378 {694}
15379 {694}
15380 {694}
15381 {694}
15382 {694}
15384 {664, 694}
15385 {664, 694}
15389 {694}
15403 {665}
15405 {653}
15408 {642}
15409 {694}
15415 {701}
15437 {696}
15446 {654}
15447 {654}
15448 {654}
15449 {654}
15450 {654}
15451 {654}
15460 {669}
15508 {669}
15516 {649}
15524 {650}
15525 {665}
15540 {635}
15557 {679}
15573 {636}
15609 {645}
15621 {667}
15635 {675}
15637 {675}
15638 {675}
15639 {658}
15640 {675}
15642 {675}
15644 {702}
15645 {675}
15647 {675}
15648 {675}
15650 {675}
15652 {675}
15658 {675}
15672 {645}
15673 {692}
15684 {693}
15726 {673}
15755 {676}
15760 {682}
15774 {662}
15791 {635}
15823 {664, 673}
15850 {657, 663}
15865 {647}
15866 {691}
15868 {647}
15891 {648}
15914 {632}
15928 {702}
15941 {632, 642}
15942 {632}
15966 {673}
15968 {693}
16011 {667}
16013 {667}
16015 {702}
16016 {701}
16051 {630}
16067 {651}
16068 {651}
16069 {651}
16070 {651}
16075 {669}
16124 {683, 694}
16161 {629}
16162 {691}
16165 {707}
16177 {704}
16179 {629}
16182 {698}
16192 {680}
16195 {673}
16210 {708}
16245 {663}
16262 {702}
16281 {697}
16286 {703}
16301 {684}
16318 {628}
16319 {628}
16320 {628}
16321 {628}
16322 {628}
16323 {628, 636}
16324 {628}
16325 {628}
16326 {628}
16327 {628}
16328 {628}
16329 {628}
16330 {628}
16331 {628}
16332 {628}
16333 {629}
16334 {629}
16335 {629}
16336 {629}
16337 {629, 693}
16338 {629}
16339 {629}
16340 {629, 642}
16341 {629}
16342 {629}
16343 {630}
16344 {630}
16345 {630}
16346 {630, 689}
16347 {630}
16348 {630}
16349 {630}
16350 {631}
16351 {631}
16352 {631}
16353 {632}
16354 {632}
16355 {632}
16356 {632}
16357 {632}
16358 {632}
16359 {632}
16360 {632}
16361 {632}
16362 {632}
16363 {632}
16364 {632}
16365 {632}
16366 {632}
16367 {632}
16368 {632}
16369 {632}
16370 {632, 642}
16371 {632}
16372 {632}
16373 {634}
16374 {634}
16375 {634}
16376 {634, 699}
16377 {634}
16378 {634}
16379 {634}
16380 {634}
16381 {634}
16382 {634}
16383 {634}
16384 {634}
16385 {634, 655}
16386 {634}
16387 {634}
16388 {634}
16389 {634, 704}
16390 {634}
16391 {634}
16392 {634, 702}
16393 {635}
16394 {635}
16395 {635}
16396 {635}
16397 {635}
16398 {635}
16399 {635}
16400 {635}
16401 {635}
16402 {636}
16403 {636}
16404 {636}
16405 {636}
16406 {636}
16407 {636}
16408 {636}
16409 {636}
16410 {636}
16411 {636, 704}
16412 {636}
16413 {636}
16414 {636}
16415 {636}
16416 {636}
16417 {636}
16418 {636}
16419 {637}
16420 {637}
16421 {637, 703}
16422 {637}
16423 {638}
16424 {638}
16425 {639}
16426 {639}
16427 {639}
16428 {639}
16429 {639}
16430 {639, 669}
16431 {639}
16432 {639}
16433 {639}
16434 {639}
16435 {639}
16436 {639}
16437 {639}
16438 {639}
16439 {639}
16440 {639}
16441 {639}
16442 {640}
16443 {640}
16444 {640}
16445 {640}
16446 {640}
16447 {640}
16448 {640}
16449 {641}
16450 {641}
16451 {641, 648}
16452 {641}
16453 {641}
16454 {641}
16455 {641}
16456 {641}
16457 {641}
16458 {641}
16459 {641}
16460 {642}
16461 {642}
16462 {642}
16463 {642}
16464 {642}
16465 {642}
16466 {642}
16467 {642}
16468 {643}
16469 {643}
16470 {643}
16471 {643}
16472 {643}
16473 {643}
16474 {643}
16475 {643, 703}
16476 {643, 678}
16477 {643}
16478 {643}
16479 {644}
16480 {644}
16481 {644}
16482 {644}
16483 {644}
16484 {644}
16485 {644}
16486 {644}
16487 {644}
16488 {645}
16489 {645}
16490 {645}
16491 {645}
16492 {645}
16493 {645}
16494 {645}
16495 {645}
16496 {645}
16497 {645, 692}
16498 {645}
16499 {645}
16500 {645}
16501 {645}
16502 {645}
16503 {646}
16504 {646}
16505 {646}
16506 {647}
16507 {647}
16508 {647}
16509 {647}
16510 {647}
16511 {647}
16512 {647}
16513 {647}
16514 {647}
16515 {647}
16516 {647}
16517 {647}
16518 {647}
16519 {647}
16520 {647}
16521 {647}
16522 {647}
16523 {647}
16524 {647}
16525 {647}
16526 {647}
16527 {647}
16528 {647}
16529 {647}
16530 {647}
16531 {647}
16532 {647}
16533 {647}
16534 {647}
16535 {647}
16536 {647}
16537 {647}
16538 {647}
16539 {647}
16540 {647}
16541 {648}
16542 {648}
16543 {648}
16544 {648}
16545 {648}
16546 {649}
16547 {649}
16548 {649}
16549 {649}
16550 {649}
16551 {649}
16552 {649}
16553 {649}
16554 {649}
16555 {649}
16556 {649}
16557 {649}
16558 {649}
16559 {649}
16560 {649}
16561 {649}
16562 {649}
16563 {649}
16564 {649}
16565 {650}
16566 {650}
16567 {650}
16568 {650}
16569 {650}
16570 {650, 692}
16571 {650, 662}
16572 {650}
16573 {650}
16574 {650}
16575 {650}
16576 {651}
16577 {651}
16578 {651}
16579 {651}
16580 {651}
16581 {651}
16582 {651}
16583 {651}
16584 {651}
16585 {651}
16586 {651}
16587 {652}
16588 {653}
16589 {653}
16590 {653, 664}
16591 {653}
16592 {653}
16593 {653}
16594 {653}
16595 {653}
16596 {653}
16597 {653}
16598 {654}
16599 {654}
16600 {655}
16601 {655}
16602 {655}
16603 {655}
16604 {655}
16605 {655}
16606 {655}
16607 {655}
16608 {655}
16609 {655}
16610 {655}
16611 {655}
16612 {655}
16613 {655}
16614 {655}
16615 {655}
16616 {655}
16617 {655}
16618 {655}
16619 {655}
16620 {655}
16621 {655}
16622 {656}
16623 {656}
16624 {656}
16625 {656}
16626 {656}
16627 {656}
16628 {656}
16629 {656}
16630 {656}
16631 {656}
16632 {656}
16633 {656}
16634 {656}
16635 {656}
16636 {656}
16637 {656}
16638 {657}
16639 {657, 700}
16640 {657}
16641 {657}
16642 {657}
16643 {657}
16644 {657}
16645 {657}
16646 {657}
16647 {657}
16648 {657}
16649 {657}
16650 {657}
16651 {658}
16652 {658}
16653 {658}
16654 {658}
16655 {658}
16656 {658}
16657 {658}
16658 {658}
16659 {658}
16660 {658}
16661 {658}
16662 {658}
16663 {658}
16664 {659}
16665 {659}
16666 {659}
16667 {659}
16668 {659}
16669 {659}
16670 {659}
16671 {659}
16672 {659}
16673 {659}
16674 {659}
16675 {659}
16676 {659}
16677 {660}
16678 {660}
16679 {660}
16680 {660}
16681 {660}
16682 {660}
16683 {660}
16684 {660}
16685 {660}
16686 {661}
16687 {661}
16688 {661}
16689 {661}
16690 {661}
16691 {661}
16692 {661, 674}
16693 {662}
16694 {662}
16695 {662}
16696 {662}
16697 {662}
16698 {662}
16699 {662}
16700 {663}
16701 {663}
16702 {663}
16703 {663}
16704 {663}
16705 {663}
16706 {663}
16707 {663}
16708 {663}
16709 {663}
16710 {663}
16711 {663}
16712 {663}
16713 {663}
16714 {663}
16715 {664}
16716 {664}
16717 {664}
16718 {664}
16719 {664}
16720 {664}
16721 {664}
16722 {664}
16723 {664}
16724 {664}
16725 {664}
16726 {664}
16727 {664}
16728 {665}
16729 {665}
16730 {665}
16731 {665}
16732 {665}
16733 {665}
16734 {667}
16735 {667}
16736 {667}
16737 {667}
16738 {667}
16739 {667}
16740 {667}
16741 {667}
16742 {668}
16743 {668}
16744 {668}
16745 {668}
16746 {669}
16747 {669}
16748 {669}
16749 {669}
16750 {669}
16751 {669}
16752 {669}
16753 {669}
16754 {669}
16755 {669}
16756 {669}
16757 {669}
16758 {669}
16759 {669}
16760 {669}
16761 {669}
16762 {671}
16763 {671}
16764 {671}
16765 {672}
16766 {672}
16767 {672}
16768 {672}
16769 {672}
16770 {672}
16771 {673}
16772 {673}
16773 {673}
16774 {673}
16775 {673}
16776 {673}
16777 {673}
16778 {673}
16779 {673}
16780 {673}
16781 {673}
16782 {673}
16783 {673}
16784 {673}
16785 {673}
16786 {673}
16787 {673}
16788 {673}
16789 {673}
16790 {673}
16791 {673}
16792 {673}
16793 {673}
16794 {673}
16795 {673}
16796 {673}
16797 {674}
16798 {674}
16799 {674}
16800 {674}
16801 {674}
16802 {674}
16803 {674}
16804 {674}
16805 {675}
16806 {675}
16807 {675}
16808 {675}
16809 {675}
16810 {675}
16811 {675}
16812 {675}
16813 {675}
16814 {675}
16815 {675}
16816 {675}
16817 {675}
16818 {675}
16819 {675}
16820 {675}
16821 {675}
16822 {675}
16823 {675}
16824 {675}
16825 {675}
16826 {675}
16827 {675}
16828 {676}
16829 {676}
16830 {676}
16831 {676}
16832 {676}
16833 {676}
16834 {676}
16835 {677}
16836 {677}
16837 {677}
16838 {677}
16839 {678}
16840 {678}
16841 {678}
16842 {678}
16843 {678}
16844 {678}
16845 {678}
16846 {678}
16847 {678}
16848 {678}
16849 {678}
16850 {679}
16851 {679}
16852 {679}
16853 {680}
16854 {680}
16855 {680}
16856 {680}
16857 {680}
16858 {680}
16859 {680}
16860 {680}
16861 {680}
16862 {681}
16863 {681}
16864 {681}
16865 {681}
16866 {681}
16867 {681}
16868 {681}
16869 {681}
16870 {682}
16871 {682}
16872 {682}
16873 {682}
16874 {682}
16875 {682}
16876 {682}
16877 {682}
16878 {682}
16879 {682}
16880 {682}
16881 {682}
16882 {682}
16883 {682}
16884 {682}
16885 {682}
16886 {683}
16887 {683}
16888 {683}
16889 {683}
16890 {683}
16891 {684}
16892 {684}
16893 {684}
16894 {684}
16895 {684}
16896 {684}
16897 {684}
16898 {684}
16899 {684}
16900 {684}
16901 {684, 691}
16902 {684}
16903 {685}
16904 {685}
16905 {685}
16906 {685}
16907 {685}
16908 {685}
16909 {685}
16910 {685}
16911 {685}
16912 {685}
16913 {686}
16914 {686}
16915 {686}
16916 {686}
16917 {686}
16918 {686}
16919 {686}
16920 {686}
16921 {686}
16922 {686}
16923 {686}
16924 {686}
16925 {686}
16926 {686}
16927 {686}
16928 {686}
16929 {686}
16930 {687}
16931 {687}
16932 {687}
16933 {687}
16934 {687}
16935 {687}
16936 {687}
16937 {687}
16938 {687}
16939 {687}
16940 {687}
16941 {687}
16942 {687}
16943 {687}
16944 {687}
16945 {687}
16946 {687}
16947 {687}
16948 {687}
16949 {687}
16950 {687}
16951 {687}
16952 {687}
16953 {687}
16954 {687}
16955 {687}
16956 {687}
16957 {687}
16958 {687}
16959 {689}
16960 {689}
16961 {689}
16962 {689}
16963 {689}
16964 {689}
16965 {689}
16966 {689}
16967 {689}
16968 {690}
16969 {690}
16970 {690}
16971 {690}
16972 {690}
16973 {691}
16974 {691}
16975 {691}
16976 {691}
16977 {692}
16978 {692}
16979 {692}
16980 {692}
16981 {692}
16982 {692}
16983 {692}
16984 {692}
16985 {692}
16986 {692}
16987 {692}
16988 {692}
16989 {692}
16990 {692}
16991 {692, 696}
16992 {692}
16993 {692}
16994 {692}
16995 {692}
16996 {692}
16997 {692}
16998 {692}
16999 {692}
17000 {692}
17001 {692}
17002 {692}
17003 {692}
17004 {693}
17005 {693}
17006 {693}
17007 {693}
17008 {693}
17009 {693}
17010 {693}
17011 {693}
17012 {693}
17013 {693}
17014 {693}
17015 {693}
17016 {693}
17017 {693}
17018 {693}
17019 {693}
17020 {694}
17021 {694}
17022 {694}
17023 {694}
17024 {694}
17025 {694}
17026 {694}
17027 {694}
17028 {694}
17029 {695}
17030 {695}
17031 {695}
17032 {695}
17033 {695}
17034 {695}
17035 {695}
17036 {696}
17037 {696}
17038 {696}
17039 {696}
17040 {696}
17041 {696}
17042 {696}
17043 {696}
17044 {696}
17045 {696}
17046 {696}
17047 {696}
17048 {696}
17049 {696}
17050 {696}
17051 {696}
17052 {696}
17053 {696}
17054 {696}
17055 {696}
17056 {697}
17057 {697, 699}
17058 {697}
17059 {697}
17060 {698}
17061 {698}
17062 {698}
17063 {698}
17064 {698}
17065 {698}
17066 {698}
17067 {698}
17068 {698}
17069 {698}
17070 {698}
17071 {698}
17072 {698}
17073 {698}
17074 {698}
17075 {698}
17076 {698, 707}
17077 {698}
17078 {698}
17079 {698}
17080 {698}
17081 {698}
17082 {698}
17083 {698}
17084 {698}
17085 {698}
17086 {698}
17087 {698}
17088 {698}
17089 {698}
17090 {698}
17091 {698}
17092 {698}
17093 {698}
17094 {698}
17095 {698}
17096 {698}
17097 {698}
17098 {699}
17099 {699}
17100 {699}
17101 {699}
17102 {699}
17103 {699}
17104 {699}
17105 {700}
17106 {700}
17107 {700}
17108 {700}
17109 {700}
17110 {700}
17111 {700}
17112 {700}
17113 {700}
17114 {700}
17115 {700}
17116 {700}
17117 {700}
17118 {701}
17119 {701}
17120 {701}
17121 {701}
17122 {701}
17123 {701}
17124 {701}
17125 {701}
17126 {701}
17127 {701}
17128 {701}
17129 {701}
17130 {701}
17131 {701}
17132 {701}
17133 {701}
17134 {701}
17135 {701}
17136 {701}
17137 {702}
17138 {702}
17139 {702}
17140 {702}
17141 {702}
17142 {702}
17143 {702}
17144 {702}
17145 {702}
17146 {702}
17147 {702}
17148 {702}
17149 {702}
17150 {702}
17151 {702}
17152 {702}
17153 {702}
17154 {702}
17155 {702}
17156 {702}
17157 {702}
17158 {702}
17159 {702}
17160 {702}
17161 {702}
17162 {702}
17163 {702}
17164 {703}
17165 {703}
17166 {703}
17167 {703}
17168 {704}
17169 {704}
17170 {704}
17171 {704}
17172 {704}
17173 {704}
17174 {704}
17175 {704}
17176 {704}
17177 {705}
17178 {705}
17179 {705}
17180 {706}
17181 {706}
17182 {706}
17183 {706}
17184 {706}
17185 {706}
17186 {706}
17187 {706}
17188 {706}
17189 {707}
17190 {707}
17191 {707}
17192 {707}
17193 {707}
17194 {708}
17195 {708}
17196 {708}
17197 {708}
17198 {709}
17199 {709}
17200 {709}
17201 {709}
17202 {709}
17203 {709}
17204 {709}
17205 {709}
17206 {709}
17207 {710}
17208 {710}
17209 {710}
17210 {710}
