0 {379, 391}
1 {319, 320, 324, 325, 327, 331, 340, 341, 342, 344, 345, 346, 347, 348, 354, 355, 356, 360, 361, 365, 367, 369, 372, 378, 379, 392}
2 {379}
3 {324, 327, 331, 332, 340, 345, 358, 362, 363, 376, 379, 382, 384, 387, 392}
4 {323, 339, 346, 348, 379}
5 {382, 389}
6 {325, 349, 367, 372}
7 {321, 325, 331, 342, 346, 358, 386}
8 {319, 327, 330, 340, 365, 367, 373, 380, 386, 392, 393}
10 {331, 334, 345, 347, 374, 378, 385, 388}
11 {319, 322, 324, 329, 339, 349, 351, 364, 374, 386, 391}
12 {332, 336, 339, 351, 353, 365, 378, 380, 384, 385, 387, 391, 392}
13 {330}
15 {322, 330, 335, 343, 344, 347, 355, 361, 365, 369, 370, 376}
16 {317, 319, 323, 324, 326, 329, 332, 333, 337, 339, 342, 343, 347, 348, 351, 360, 361, 364, 369, 376, 379, 381, 390}
18 {346, 379}
19 {318, 321, 324, 325, 331, 338, 343, 346, 347, 349, 354, 355, 357, 363, 366, 369, 376, 380, 386, 390}
20 {346, 353, 355, 379}
22 {359, 388}
24 {327, 332, 336, 341, 342, 346, 351, 355, 361, 363, 367, 369, 378, 379}
26 {318, 319, 320, 321, 322, 323, 325, 327, 328, 329, 331, 332, 333, 335, 337, 338, 339, 340, 341, 342, 343, 344, 345, 347, 348, 351, 356, 358, 360, 363, 364, 366, 367, 369, 370, 372, 373, 374, 376, 378, 379, 381, 384, 385, 386, 389, 393}
27 {318, 319, 320, 321, 324, 327, 332, 337, 341, 342, 344, 346, 347, 348, 350, 351, 356, 360, 362, 364, 365, 369, 370, 373, 378, 379, 386, 387, 390}
28 {321, 352}
29 {323, 338, 339, 345, 350, 360, 363, 377, 389}
30 {318, 320, 323, 329, 333, 338, 339, 341, 343, 344, 345, 348, 350, 351, 352, 356, 357, 358, 359, 360, 362, 363, 364, 370, 372, 374, 378, 379, 381, 384, 387, 388, 390}
32 {324, 339, 346, 347, 348, 355, 369, 379}
34 {322, 323, 337, 365, 378}
37 {322, 358, 359, 379, 389}
38 {322, 325, 328, 330, 332, 349, 356, 359, 361, 362, 364, 365, 375, 378, 379, 381, 384, 388, 391}
39 {323, 326, 347, 360, 372, 380, 391}
40 {357}
41 {323, 341, 379, 389}
42 {321, 324, 331, 334, 344, 346, 351, 352, 357, 360, 362, 367, 369, 370, 372, 373, 374, 376, 378, 387}
44 {323, 339, 341, 348, 363, 372, 373, 381}
45 {331, 377}
46 {317, 333, 336, 343, 378}
47 {322, 324, 369, 379}
48 {379}
50 {331, 334, 337, 338, 339, 341, 344, 363, 364, 370, 376, 378, 379, 385, 390}
52 {323, 339, 348, 368, 374, 380, 385, 388}
53 {319, 329, 331, 342, 346, 351, 360, 364, 369, 372, 374, 378, 379}
54 {331}
55 {379, 393}
56 {317, 319, 320, 323, 324, 325, 327, 328, 333, 334, 336, 338, 339, 341, 342, 344, 346, 347, 350, 351, 352, 353, 355, 356, 358, 359, 360, 363, 364, 365, 366, 369, 370, 374, 376, 380, 381, 389, 390, 392}
57 {344, 370}
58 {321, 322, 329, 332, 335, 336, 337, 346, 348, 352, 353, 354, 365, 367, 373, 386, 389}
59 {391}
60 {320, 324, 327, 336, 339, 345, 348, 351, 364, 374}
61 {354}
62 {350, 352}
63 {320, 321, 322, 323, 324, 327, 329, 354, 357, 363, 377}
64 {353, 360, 386}
65 {331, 337, 363, 364, 383}
67 {384}
68 {324, 345, 355, 358, 363}
69 {338, 339, 343, 349, 350, 355, 358, 359, 363}
70 {322, 324, 332, 338, 346, 351, 352, 355, 356, 358, 359, 361, 364, 366, 374, 379, 380, 384, 388}
71 {330, 343}
72 {365}
73 {319, 323, 325, 326, 328, 337, 340, 342, 345, 348, 349, 350, 359, 362, 367, 369, 388, 391, 392}
74 {318, 319, 321, 323, 326, 329, 330, 331, 332, 334, 339, 341, 344, 346, 351, 352, 355, 356, 357, 358, 359, 363, 364, 365, 367, 369, 370, 372, 374, 378, 379, 380, 381, 387, 390}
75 {379}
76 {318, 353, 363, 380}
77 {318, 321, 353, 363}
78 {379}
79 {326, 330, 334, 348, 351, 354, 358, 360, 367, 372, 374, 379, 384, 389}
80 {327}
82 {326, 349, 350, 354, 355, 369, 372, 374, 376, 379, 392}
83 {379}
84 {323, 324, 327, 337, 344, 364, 365, 370, 379, 387, 388}
85 {347, 351}
87 {369}
89 {344, 369, 370, 379, 386, 392}
90 {321, 379}
91 {356}
93 {323, 326, 336, 374}
94 {318, 319, 323, 325, 326, 328, 330, 331, 334, 343, 344, 345, 346, 347, 348, 351, 352, 353, 355, 359, 360, 361, 362, 365, 366, 367, 369, 370, 371, 372, 374, 376, 378, 380, 381, 384, 385, 386}
95 {329, 379}
96 {346, 355}
97 {331, 364, 366, 373}
98 {318, 321, 329, 330, 338, 345, 350, 356, 363, 366, 373, 389}
99 {319, 331, 334, 341, 344, 351, 361, 364, 370, 372, 374, 378}
100 {318, 323, 324, 331, 344, 347, 351, 356, 360, 361, 363, 365, 370, 371, 374, 383, 385, 387, 388}
101 {321, 323, 337, 339, 341, 352, 366, 378, 387}
102 {323, 339, 340, 341, 364, 378, 381, 384, 393}
103 {369}
105 {329, 331, 349, 351, 372, 390}
106 {323, 341, 391}
107 {323, 330, 341, 345, 354, 359, 378, 389, 391, 393}
109 {332, 339, 348}
110 {346, 347, 351, 362, 378, 379}
111 {351, 372, 382, 386}
113 {332, 336, 339, 343, 348, 366}
116 {348, 361}
118 {323, 341}
119 {323, 341}
120 {322, 338, 339, 341, 360, 363, 378, 381, 390}
121 {367}
125 {361, 369}
126 {336, 343, 362, 365, 390, 392, 393}
128 {339, 341, 377}
129 {348, 388, 392}
130 {317, 322, 323, 332, 333, 340, 348, 350, 363, 364, 366, 373, 375, 376, 382, 385, 388, 391, 392}
131 {367}
132 {359, 387}
133 {378, 388}
135 {323, 327, 331, 335, 337, 340, 350, 356, 363, 367, 373, 374, 386, 392}
136 {340, 343, 347, 369, 375, 390}
137 {317, 318, 323, 324, 332, 333, 334, 336, 339, 343, 345, 347, 348, 352, 353, 356, 358, 359, 360, 364, 366, 371, 376, 377, 380, 381, 384, 386, 387, 391, 392}
138 {324, 328, 341, 343, 358, 369}
139 {322, 333, 334, 344, 362, 378, 391}
141 {341, 391}
142 {342}
143 {346, 355, 369, 379}
144 {335, 382}
145 {322, 324, 335, 357, 382, 385}
146 {382}
147 {382}
148 {332, 382}
149 {325, 334, 339, 384}
150 {320, 324, 329, 342, 345, 347, 348, 350, 356, 359, 382, 385, 387, 388, 392}
151 {331, 342, 352, 372, 382}
152 {382}
153 {382}
154 {318, 319, 321, 323, 326, 331, 334, 335, 336, 339, 341, 342, 344, 345, 349, 352, 357, 359, 364, 366, 369, 370, 374, 376, 378, 381, 382, 386, 391}
155 {358, 371, 382, 385}
157 {352}
158 {324, 327, 328, 330, 332, 333, 335, 338, 343, 347, 348, 350, 352, 363, 364, 366, 383, 385, 388, 392}
159 {382, 385}
160 {324, 329, 336, 375}
161 {382}
162 {320, 350, 382}
163 {318, 321, 323, 327, 335, 337, 339, 340, 342, 343, 344, 346, 347, 348, 350, 352, 353, 355, 356, 359, 360, 364, 366, 370, 371, 375, 377, 379, 381, 382, 387, 388, 389, 392, 393}
164 {330, 335, 388}
165 {382}
166 {320, 322, 350, 371, 385}
167 {321, 325, 329, 333, 334, 336, 337, 341, 342, 345, 347, 349, 350, 351, 353, 358, 359, 360, 362, 364, 366, 367, 369, 372, 374, 378, 379, 381, 382, 384, 387, 388, 390}
168 {371, 375, 382, 383}
169 {318, 322, 324, 330, 343, 346, 349, 354, 359, 360, 361, 373, 375, 384, 387, 390}
170 {318, 331, 342, 345, 346, 347, 353, 359, 361, 365, 367, 369, 372, 374, 378, 381, 386, 387, 393}
171 {322, 324, 335, 342, 356, 357, 363, 382, 385, 389}
172 {319, 327, 331, 333, 341, 348, 359, 361, 362, 364, 380, 382, 392}
173 {371, 382}
174 {321}
175 {339, 345}
176 {371}
178 {357, 362, 375, 382, 385}
179 {382}
180 {382}
181 {382}
183 {324}
185 {322, 331, 363}
186 {324, 382, 385}
187 {385}
189 {332, 371, 376, 382, 385, 387, 392}
190 {327, 328, 341, 345, 363, 367, 371, 378, 380, 382, 385, 386}
191 {391}
193 {382, 389}
195 {322, 360, 383, 389}
196 {323, 385, 388, 391}
197 {324}
199 {380}
200 {322, 325, 334, 338, 368, 377, 382, 385, 391}
201 {335, 385}
202 {334, 335}
204 {345, 373}
206 {317, 318, 319, 320, 321, 322, 323, 324, 325, 326, 328, 329, 330, 331, 332, 333, 334, 336, 337, 339, 340, 341, 342, 343, 344, 345, 346, 347, 349, 351, 352, 354, 355, 356, 358, 359, 361, 362, 363, 364, 365, 366, 367, 370, 373, 374, 375, 377, 378, 379, 380, 384, 385, 386, 387, 388, 389, 391, 392}
207 {382}
208 {382}
209 {382}
210 {382, 385}
211 {322, 358, 375, 382, 385}
213 {338, 351, 359, 366, 369}
214 {318, 320, 321, 324, 327, 332, 333, 336, 338, 339, 345, 347, 348, 352, 359, 364, 366, 374, 375, 387}
215 {331, 339, 353}
218 {318, 367, 382}
219 {324, 335, 339, 359, 376, 379, 382}
221 {323, 337, 344, 370, 393}
222 {328, 329, 331, 335, 343, 345, 347, 351, 356, 357, 361, 362, 363, 366, 369, 372, 374, 384, 385}
224 {326, 328, 332, 335, 336, 338, 339, 342, 345, 349, 352, 353, 354, 356, 357, 358, 359, 363, 364, 365, 366, 371, 372, 374, 377, 380, 382, 384, 385, 388, 391}
225 {324, 325, 331, 351, 382}
227 {382}
228 {382, 385}
229 {382}
230 {382}
231 {375, 382}
232 {382}
233 {343, 365, 366, 371, 382}
234 {382}
235 {322, 366, 382}
236 {318, 319, 337, 342, 344, 357, 367, 370, 375, 385, 386}
237 {320, 333, 336, 354, 379, 382}
238 {320, 321, 325, 333, 336, 337, 350, 369, 374, 382, 386, 392}
239 {322, 332, 358, 366, 382, 385, 390, 391}
241 {330, 352, 377, 382, 388}
242 {330, 379, 382}
243 {324, 330, 342, 344, 346, 353, 366, 369, 381, 382, 386, 388}
244 {317, 318, 320, 321, 324, 330, 333, 336, 337, 340, 342, 344, 350, 358, 359, 362, 364, 368, 369, 373, 374, 380, 382, 383, 384, 385, 388, 389, 391, 392}
245 {335, 338, 377, 382}
246 {322, 336, 363, 375, 377, 382}
247 {335}
248 {318, 325, 328, 347, 382, 389}
249 {382}
250 {317, 322, 330, 333, 337, 345, 351, 352, 359, 361, 375, 382, 384, 389}
251 {317, 333, 337, 347, 351, 352, 361, 375, 382, 389}
252 {333, 334, 382}
254 {352}
255 {335}
256 {343}
257 {382}
258 {338, 359, 361, 374, 388}
260 {334, 336, 358}
261 {322, 325, 330, 334, 338, 342, 347, 358, 361, 366, 370, 382, 383, 384, 389, 391}
262 {323, 324, 347, 357, 382, 385, 391}
263 {382}
266 {336, 350, 358, 383}
267 {318, 321}
268 {332, 337, 347, 353, 364, 392}
270 {385}
271 {346, 355}
272 {376, 377, 388, 391}
273 {318, 334, 341, 369}
275 {336, 383, 386, 389}
277 {321, 323, 324, 325, 330, 332, 337, 339, 340, 341, 342, 347, 350, 356, 366, 373, 380, 390, 391}
278 {321, 323, 332, 337, 339, 340, 341, 342, 349, 356, 357, 366, 380, 386, 390, 391}
280 {382, 391}
281 {339, 376}
283 {324, 335, 363, 382, 385}
284 {329, 335, 357, 382, 385}
285 {324, 327, 335, 375, 376}
288 {382}
290 {322, 334, 346, 355, 373, 374, 375}
291 {331, 335, 336, 337, 343, 350, 351, 356, 364, 373, 374, 389}
292 {322, 375, 385}
293 {365, 389}
297 {319, 331, 350, 351, 354, 378, 381, 388, 389}
299 {375}
300 {332}
301 {382}
305 {335, 375}
306 {357}
307 {319, 321, 322, 324, 325, 335, 338, 339, 344, 345, 347, 354, 357, 358, 363, 369, 370, 371, 375, 376, 377, 381, 383, 385, 386, 388, 389, 391}
309 {375}
310 {367, 368}
311 {391}
312 {320, 324, 333, 335, 371, 385}
313 {320, 324, 333, 335, 343, 357, 371, 373, 385, 392}
314 {319, 323, 355, 364, 369, 379, 382, 386, 387}
315 {382}
317 {322, 382}
319 {382}
320 {335, 382}
321 {382}
322 {332, 382, 385}
323 {382, 384}
324 {329, 383}
327 {319, 320, 321, 327, 344, 347, 351, 356, 374, 382, 387, 390}
329 {331, 338, 345, 348, 356, 359, 362, 371, 372, 376, 381, 388, 392}
331 {336}
332 {319, 320, 330, 332, 338, 351, 353, 360, 361, 362, 364, 366, 372, 373, 379, 390}
333 {321, 369, 383}
334 {322, 331, 336, 384, 393}
335 {339}
336 {328, 330, 345, 359, 361, 384, 391}
337 {318, 319, 320, 321, 324, 325, 326, 327, 328, 332, 334, 337, 341, 342, 343, 344, 345, 347, 348, 349, 350, 351, 352, 353, 356, 357, 359, 360, 362, 363, 365, 367, 369, 370, 372, 373, 374, 378, 380, 383, 384, 386, 387, 388, 392}
338 {318, 330, 338, 343, 348, 362, 365, 368, 380, 386}
342 {332, 336, 343}
343 {325}
345 {323, 326, 330, 332, 334, 339, 349, 351, 352, 367, 372, 375, 378, 380}
346 {334, 379}
347 {322, 324, 330, 344, 361, 362, 370}
348 {389}
350 {339, 364}
351 {330}
353 {332, 336, 339, 343, 348, 379}
355 {318, 328, 352, 357, 361, 371, 384}
356 {318, 326, 331, 335, 336, 337, 341, 342, 345, 352, 357, 368}
358 {324, 334, 351, 362, 374, 381}
359 {324, 326, 329, 341, 346, 347, 349, 355, 357, 366, 380, 384, 388}
360 {341, 351, 361, 367, 383}
361 {317, 318, 333, 363, 372, 374, 391}
362 {319, 320, 324, 326, 329, 330, 339, 345, 351, 361, 362, 370, 374, 376, 381, 384}
364 {325, 328, 330, 332, 348, 388}
367 {368}
368 {323}
369 {343, 350, 389}
370 {347, 354, 362, 389}
372 {318, 322, 323, 332, 334, 335, 340}
373 {318, 326, 328, 330, 337, 339, 342, 347, 350, 353, 359, 360, 364, 365, 372, 373, 377, 381, 383, 385, 387, 388}
374 {337, 343}
376 {358}
378 {352}
379 {343, 373}
381 {335, 342, 373, 391}
382 {352, 391}
385 {319, 324, 326, 345, 350, 374, 384, 387}
386 {358}
389 {322, 391}
393 {317, 328, 333, 338, 349, 368, 373}
394 {344}
399 {327, 356, 389}
401 {385}
402 {317, 318, 319, 325, 331, 333, 334, 337, 341, 342, 344, 350, 351, 355, 358, 362, 369, 370, 373, 376, 379, 382, 387, 392}
403 {322, 328, 335, 351, 359, 361, 363, 365, 369, 374, 382, 384, 385, 392}
405 {332, 339, 343, 347, 356, 362, 363, 365, 379, 384}
406 {321, 348, 350, 361, 368, 392}
407 {336, 339, 359}
409 {321, 369}
410 {333, 343, 352, 367, 369, 387}
412 {320, 324, 336, 339, 346, 355, 358, 380}
413 {319, 324, 328, 335, 339, 340, 346, 348, 349, 355, 358, 360, 368, 378, 391}
414 {332}
415 {376}
416 {318, 320, 323, 327, 330, 343, 352, 353, 357, 360, 364, 378, 380, 384, 387, 388, 392}
417 {328, 343, 387}
419 {337, 338, 343, 364, 380, 381, 393}
420 {322, 323, 329, 332, 339, 366, 376, 377, 379, 382, 383}
421 {322, 327, 339, 347, 353, 358, 360, 365, 371, 379, 382, 392}
422 {318, 342, 348, 356, 362, 363, 366, 386, 387, 389}
423 {318, 319, 320, 321, 323, 326, 327, 329, 330, 331, 337, 338, 339, 340, 341, 343, 344, 346, 348, 350, 351, 352, 353, 354, 356, 358, 360, 361, 363, 364, 365, 367, 369, 370, 372, 373, 374, 378, 379, 381, 384, 386, 387, 388, 389, 390, 392}
424 {323, 330, 337, 341, 343, 348, 353, 360, 364, 368, 386}
425 {330, 333, 339, 343, 354, 357, 362, 363, 369, 374, 389, 390}
426 {327, 342, 343, 360, 363, 375, 380, 386, 391}
427 {336}
428 {376}
429 {332, 337, 338, 341, 348, 350, 352, 362, 363, 366, 385, 387, 388}
432 {339}
433 {323, 327, 339}
434 {339}
436 {343}
437 {343}
438 {321, 337, 358, 367, 368, 378}
439 {339, 341, 343, 364, 369, 377}
440 {323, 327, 332, 337, 343, 381}
442 {329, 383}
443 {337, 339, 340, 341, 342, 356, 357, 364, 368, 370, 383}
444 {381}
445 {324, 342, 345, 349, 352}
446 {352, 365, 381}
449 {347, 375, 378, 385, 387}
450 {325, 340, 349, 358, 363, 369, 370, 384}
453 {321, 345, 353, 367}
454 {319, 321, 322, 325, 331, 334, 337, 345, 346, 347, 349, 351, 352, 353, 355, 359, 360, 364, 365, 366, 367, 372, 374, 375, 376, 377, 380, 386}
455 {319, 323, 325, 333, 346, 348, 349, 350, 351, 352, 359, 364, 372, 374, 386, 392}
456 {319, 337, 345, 346, 349, 351, 355, 359, 364, 365, 372, 374, 376}
459 {333, 342, 343, 360, 368}
461 {318, 326, 328, 330, 331, 338, 342, 348, 356, 376, 388, 392}
463 {381}
464 {335, 344, 349, 367, 376, 380, 385}
465 {329, 340, 342, 352, 360, 372, 376, 378, 380, 381, 391}
468 {317, 333, 343, 380}
470 {369, 380}
471 {322, 324, 329, 332, 335, 336, 342, 356, 361, 367, 376, 390, 391, 392}
472 {351, 352, 372}
473 {333, 343, 345, 347, 353, 367, 369, 372, 376}
474 {324, 329, 331, 363, 366, 381, 384}
475 {370, 379}
476 {322, 354, 364, 372, 387, 390}
478 {323, 338, 346, 355, 357, 358, 360, 362}
479 {323, 345, 357, 380, 387}
480 {318, 334, 345, 349, 362, 391}
481 {319, 320, 321, 323, 324, 325, 331, 333, 334, 337, 338, 339, 341, 343, 344, 348, 349, 350, 351, 356, 360, 362, 365, 366, 367, 369, 371, 372, 374, 378, 379, 386, 390}
482 {371}
483 {324, 351}
484 {319, 339, 342, 344, 346, 348, 351, 358, 363, 364, 365, 370, 391}
485 {321}
486 {324, 333, 357}
487 {318, 326, 328, 331, 334, 338, 339, 346, 351, 353, 354, 355, 356, 358, 361, 363, 366, 372, 374, 378}
488 {335, 375}
489 {335, 350, 366, 385}
490 {334}
491 {319}
492 {319, 323, 325, 330, 332, 351, 358, 365, 374, 386, 387}
493 {328, 352, 362, 366, 374, 382, 385}
494 {325, 331, 338, 344, 351, 352, 358, 360, 369, 370, 374, 384, 386}
495 {328, 384, 389}
497 {321, 324, 327, 332, 336, 342, 343, 347, 349, 351, 356, 380, 381, 386, 389}
498 {334, 346, 351, 355, 372, 374, 376, 381, 386, 388}
499 {357, 365, 367, 369, 376, 380, 381}
500 {346, 372, 381}
501 {328, 339, 368, 381, 391}
503 {381}
504 {348, 381}
506 {326, 353}
507 {322, 358, 391}
508 {343, 377}
510 {322, 323, 335, 342, 352, 357, 389, 391}
511 {326, 328, 331, 334, 351, 353}
512 {369, 380, 382}
513 {322, 324, 332, 343, 347, 353, 360, 372, 387}
515 {367, 374, 384, 386}
516 {329, 331, 333, 340, 344, 345, 351, 353, 359, 360, 367, 370, 374, 386}
518 {326, 328}
519 {326, 336, 381, 392}
521 {319, 325, 329, 331, 334, 337, 344, 347, 349, 351, 365, 367, 369, 370, 372, 374, 378, 379, 384, 386}
522 {329, 331, 333, 336, 337, 342, 344, 356, 367, 370, 372}
523 {329, 331, 344, 367, 370, 384}
524 {319, 334, 344, 349, 351, 357, 367, 372, 386, 389}
525 {323, 339}
531 {367, 380}
536 {344, 366, 370}
537 {379}
538 {323, 325, 326, 328, 329, 334, 339, 342, 344, 347, 351, 352, 359, 363, 364, 369, 370, 371, 380, 383, 387, 389}
539 {349, 367, 369, 386, 387}
541 {335}
542 {335}
544 {322}
545 {324, 350, 375, 385}
546 {319, 323, 334, 337, 350, 362, 364, 372, 380, 387, 388, 389, 390}
551 {335}
554 {318, 323, 324, 329, 361, 374, 375, 376, 384, 390, 393}
555 {335, 338, 363, 369}
557 {341, 361}
558 {335, 388}
559 {317, 320, 321, 323, 324, 329, 333, 335, 347, 348, 349, 350, 353, 362, 363, 369, 373, 374, 376, 385}
560 {336, 344, 363}
561 {318, 323, 327, 330, 332, 334, 336, 338, 341, 343, 346, 348, 355, 361, 364, 366, 367, 369, 391}
562 {326, 374, 384, 389}
563 {331, 368}
568 {363, 385}
569 {318}
570 {344, 345, 351, 359, 370, 374, 378}
571 {318, 348}
572 {362}
573 {321, 322, 323, 363, 370, 372, 374}
574 {385, 391}
575 {352}
578 {321, 344, 391}
579 {317, 332, 333, 337, 343, 350}
580 {324, 353, 383}
581 {341, 369}
582 {335}
583 {343, 371, 373, 375, 382}
584 {335}
585 {350, 380}
587 {335}
588 {335}
589 {322, 325, 335, 373, 391}
592 {335}
594 {335}
596 {324, 335, 343, 363, 365, 385, 388}
598 {326, 341}
600 {320, 321, 325, 328, 338, 344, 346, 349, 351, 353, 355, 367, 370, 372, 374, 384}
601 {338}
602 {385}
603 {335}
604 {317, 333, 336, 347, 376}
605 {373}
606 {322, 339, 342, 352, 356, 360, 364, 380}
609 {335}
613 {318, 325, 334, 359, 377, 391}
614 {357, 380, 382}
616 {323, 346, 347}
618 {378}
619 {335}
620 {335, 347, 357, 366, 385}
622 {335}
626 {319, 350}
627 {335, 352, 381}
630 {352, 384, 388}
633 {322, 347, 391}
634 {391}
635 {369}
636 {330, 343, 359, 361, 380, 382, 383, 384, 392}
637 {335}
638 {335, 360, 373, 388}
639 {335}
640 {335, 357, 389}
644 {371}
645 {336, 337, 338, 347, 349, 355, 357, 375, 389}
648 {335}
649 {357, 389}
652 {375, 385}
653 {377}
654 {321}
655 {335, 389, 391}
656 {357}
657 {332, 343, 357, 376}
658 {323, 392}
659 {343}
663 {385}
664 {385}
666 {326, 327, 333, 353, 365, 375}
667 {318, 319, 323, 324, 328, 332, 333, 335, 336, 338, 341, 343, 346, 348, 352, 353, 354, 355, 358, 360, 365, 367, 368, 373, 375, 376, 377, 378, 381, 384, 391}
668 {343}
670 {385}
671 {385}
674 {374, 385, 388}
675 {385}
676 {385}
677 {336, 343, 362, 365, 366, 368, 393}
678 {326, 330, 337, 338, 352, 360, 363, 368, 384, 385}
679 {328, 356, 359, 361, 377, 379, 381, 383, 384, 385, 387}
680 {324, 343, 348, 350, 383, 392}
681 {322, 330, 335, 350, 361, 366, 388}
682 {326, 343}
684 {321, 322, 370, 371, 373, 386, 392}
685 {359, 362, 365}
687 {331, 391}
689 {365}
690 {318}
692 {387}
693 {385, 391}
694 {335, 337, 341, 342, 369, 385}
695 {350}
696 {322, 338}
697 {347, 358, 364, 375, 379, 382, 385, 393}
699 {339}
700 {321, 331, 335, 345, 348, 350, 352, 363, 365, 369, 388, 389}
701 {339}
702 {365, 385}
703 {335}
705 {322, 324, 336, 365, 377, 379, 385, 387, 392}
707 {385}
709 {385}
710 {328, 336, 352, 363, 366, 372, 376, 385}
712 {375, 385}
715 {375}
716 {390}
717 {332, 337, 347, 349, 364, 372, 379, 389}
719 {327, 367}
720 {325, 334, 338}
721 {321, 340, 359}
723 {332, 339, 341, 342, 343, 353}
724 {324, 374}
727 {341, 342, 350, 366, 383, 385}
731 {321, 325, 331, 334, 359}
732 {347, 382}
734 {375}
735 {347, 375}
736 {318, 325, 341, 359, 363, 364, 365, 381}
738 {347}
739 {383, 391}
740 {338, 345, 368, 371}
741 {375, 376}
742 {342, 347, 358, 385}
743 {322, 355, 362, 364, 365, 374, 375, 391}
745 {363}
746 {350}
747 {325, 339, 343, 361, 364}
752 {385}
754 {385}
755 {385}
756 {385}
757 {339, 385}
758 {319, 323, 334, 339, 342, 343, 345, 349, 355, 356, 364, 367, 385, 388}
759 {322}
760 {322}
762 {319, 365, 369, 376}
764 {358}
765 {375}
766 {375, 385}
767 {338, 385}
768 {375, 385}
769 {375, 385}
770 {322, 323, 328, 329, 337, 339, 343, 344, 345, 357, 364, 369, 370, 373, 378, 380, 387, 392}
771 {385}
772 {371, 378}
773 {385}
774 {385}
775 {323, 360, 362, 365}
776 {369, 376}
777 {327, 335, 337, 342, 381, 385}
778 {321, 322, 357, 368, 385, 389}
779 {321, 322, 357, 368, 385, 389}
780 {385}
781 {385}
782 {319, 323, 332, 338, 339, 341, 351, 358, 360, 373, 379, 380, 381, 385, 391}
783 {357, 364}
784 {328, 333, 335, 358, 377, 381, 385}
785 {385}
786 {385}
787 {385}
788 {373, 385}
789 {322, 385, 391}
790 {332, 350, 385}
791 {322, 385}
792 {326, 347, 348, 349, 352, 385, 388}
793 {335, 364, 385}
794 {385}
795 {319, 321, 322, 326, 328, 330, 331, 333, 347, 348, 350, 352, 357, 360, 364, 365, 373, 377, 383, 385, 387, 388, 392}
796 {385}
798 {385}
799 {318, 322, 323, 327, 331, 337, 339, 352, 356, 361, 365, 379, 381, 389}
800 {320, 339, 343, 355, 356, 359, 372, 387}
802 {362, 387}
803 {358, 391}
804 {320, 321, 324, 325, 327, 333, 345, 346, 348, 355, 359, 362, 364, 377, 387}
805 {349, 381, 386}
806 {345, 367}
809 {317, 318, 323, 330, 331, 333, 340, 346, 349, 350, 355, 359, 361, 373, 374, 379, 384, 388}
810 {318, 319, 323, 326, 327, 340, 346, 348, 355, 363, 367, 374, 388, 391, 392}
812 {318, 363}
813 {339}
814 {328, 334, 340, 341, 342, 345, 353, 359, 365, 377, 381, 384, 386, 389, 390, 391}
815 {363}
816 {322, 337, 338, 364}
817 {359, 364, 393}
818 {322, 329, 339}
819 {326}
820 {362}
821 {318, 323, 324, 328, 330, 332, 334, 336, 337, 339, 350, 352, 353, 357, 358, 359, 362, 363, 364, 366, 368, 369, 372, 374, 376, 388, 389, 391, 392}
822 {328}
823 {318, 336, 360, 361, 381}
824 {374}
825 {331, 347, 359, 387}
826 {353}
829 {318, 322, 374}
832 {319, 341}
833 {319, 320, 322, 326, 328, 337, 339, 341, 344, 346, 348, 363, 365, 367, 369, 373, 381, 389, 390}
834 {330, 342, 345, 352, 359, 361, 384}
835 {318, 326, 328, 330, 331, 345, 349, 351, 359, 361, 362, 366, 368, 369, 384, 389, 391}
836 {386, 392}
837 {331}
838 {317, 318, 333, 334, 337, 345, 346, 347, 352, 353, 355, 364, 377, 381, 386, 391}
839 {379}
841 {323, 327, 352, 353, 360, 362, 379, 392}
842 {322, 346, 355, 384}
844 {347, 375}
846 {325, 342, 359, 363, 384}
848 {326, 380, 388}
850 {319, 321, 323, 341, 352, 360, 368, 380}
852 {328, 341, 363, 376, 387}
853 {328, 391}
854 {322, 328, 334, 336, 338, 351, 360, 372, 390}
855 {363}
856 {318}
857 {319, 323, 324, 344, 345, 347, 349, 353, 356, 359, 360, 363, 366, 367, 369, 370, 372, 373, 374}
858 {346, 363, 365, 372, 381, 384, 390}
861 {332}
862 {318, 319, 320, 321, 326, 331, 332, 334, 339, 341, 344, 346, 349, 351, 355, 357, 358, 360, 363, 364, 367, 369, 370, 374, 380, 386}
863 {321, 327, 332, 343, 345, 347, 348, 354, 359, 360, 362, 365, 377, 380, 381, 390, 392}
864 {365}
865 {319, 351, 371, 372}
866 {319, 323, 331, 334, 345, 346, 347, 352, 355, 358, 359, 360, 362, 365, 368, 369, 371, 374, 378, 380, 381}
867 {377}
868 {338, 341, 347, 371}
869 {318}
872 {332, 360}
873 {345, 359, 362, 380}
875 {324, 327, 333, 338, 339, 351, 353, 360, 372, 391}
876 {335, 342, 356, 382, 388}
877 {326, 356, 357, 387, 388}
878 {331, 337, 346, 347, 361, 363, 372, 373, 376, 378, 386}
880 {317, 321, 323, 327, 333, 343, 356, 360, 373}
883 {344, 346, 358, 360, 370, 385}
884 {326, 331, 344, 366, 372, 373, 374, 381}
885 {318, 324}
887 {317, 320, 327, 330, 333, 343, 349, 359, 361, 384, 387}
888 {391}
889 {358, 367, 376, 381, 386}
890 {365}
891 {320, 339, 354, 359, 374, 387}
892 {363}
893 {391}
895 {336}
896 {322, 326, 327, 328, 336, 348, 360, 366, 377, 388}
897 {363}
899 {333, 381}
901 {323, 353, 356, 374, 378}
904 {327, 360, 379, 388}
905 {318, 334}
906 {392}
910 {351, 358, 364, 385}
913 {363}
914 {322, 376, 391}
915 {320, 337, 343, 352, 364, 387}
916 {378}
920 {323, 337, 339, 364, 380, 390}
922 {318, 321, 325, 329, 333, 339, 346, 347, 348, 349, 355, 356, 357, 363, 365, 369, 371, 374, 375, 377, 378, 383, 384, 387, 388}
924 {331, 360}
925 {322, 334, 365, 369, 374, 388}
926 {324, 354, 368, 389, 392}
927 {334, 373}
929 {384}
930 {318, 336}
931 {320, 321, 323, 324, 348, 357, 377}
932 {362, 374}
934 {338, 339, 347, 358, 369, 373, 386}
935 {354, 363, 365, 374}
937 {363}
938 {346, 348, 355, 356, 374, 383, 389}
941 {345, 354, 358, 360, 363, 369, 373, 379, 384}
942 {366}
943 {319}
944 {337, 364}
948 {369}
949 {325, 356, 360, 361, 363}
950 {320, 354}
951 {372}
953 {329}
955 {323, 326, 330, 338, 339, 342, 343, 347, 349, 350, 357, 358, 361, 364, 380, 381, 384, 386, 388, 392}
957 {319, 344, 364, 369, 376, 391}
958 {348}
959 {348}
962 {321, 323, 357, 377}
963 {318, 321, 325, 365, 374}
965 {317, 332, 333, 345, 352, 359, 360, 369, 374, 377, 384}
967 {339, 361}
969 {324, 363}
970 {332, 342, 352, 359, 377, 390}
971 {323, 329, 332, 340, 342, 346, 352, 355, 358, 359, 362, 365, 377, 378, 380, 381, 382, 389, 390, 391}
973 {357, 359}
975 {336, 342, 352, 365, 389, 391}
976 {324, 343, 345, 357, 361}
977 {317, 333, 340, 350, 361, 365, 373, 392}
978 {323, 344, 354, 363, 370, 373, 381, 384}
979 {318, 323, 338}
980 {318, 323, 337, 353, 365}
981 {321, 334, 335, 338, 357, 362, 391}
982 {317, 318, 320, 321, 322, 325, 328, 330, 332, 333, 334, 338, 345, 346, 348, 349, 350, 353, 358, 368, 370, 371, 375, 376, 377, 381, 388, 389, 391}
983 {323, 342, 370}
986 {318, 323, 351, 366}
988 {318, 339, 344, 367, 370}
991 {390}
992 {324, 350}
995 {321, 326, 327, 342, 346, 355, 364, 369, 373, 375, 380, 385, 392}
996 {340, 344, 370}
997 {322, 325, 329, 338, 351, 358, 369, 372, 374, 376, 381, 384}
999 {328, 345, 360, 384}
1001 {317, 327, 333, 356, 373}
1002 {317, 325, 333, 349}
1003 {320, 325, 328, 374, 376}
1006 {318, 320, 323, 348, 354, 360, 363, 369, 379, 386, 387}
1007 {337, 354, 363, 373, 391}
1008 {360}
1010 {379}
1012 {361}
1013 {384}
1014 {387}
1015 {324, 348, 358, 374, 386}
1018 {390}
1021 {339}
1022 {336, 349, 354, 370, 373, 376, 380, 383, 391}
1023 {324, 327, 342, 347, 352, 365, 372, 376, 391}
1025 {319, 351}
1026 {367}
1027 {323, 339, 341, 348, 352, 362, 367, 379}
1029 {323, 332, 339, 342, 348, 392}
1031 {341}
1032 {377}
1033 {318, 325, 330, 343, 349, 351, 362, 365, 385, 387}
1034 {323, 337, 339, 341, 342, 344, 364, 370, 373}
1035 {359}
1036 {321, 351, 367, 376, 384}
1037 {319, 325, 328, 334, 347, 351, 355, 365, 367, 369, 381}
1038 {319, 325, 334, 347, 351, 355, 361, 365, 367, 369, 381}
1039 {320, 331, 336, 337, 338, 339, 343, 344, 347, 350, 359, 370, 375, 381, 388, 390}
1040 {340, 353, 365}
1041 {323, 332, 334, 339, 343, 347, 359, 372, 374, 386, 387}
1042 {321, 364, 374, 376, 386, 389, 391, 392}
1044 {319, 325, 333, 334, 342, 345, 347, 351, 362, 365, 367, 369, 372, 374, 378, 384, 386}
1045 {318, 356, 364, 365, 377}
1046 {347, 366, 376}
1047 {318, 334, 345, 347, 349, 351, 359, 376, 387}
1048 {318, 321, 322, 324, 328, 331, 332, 334, 337, 344, 345, 346, 347, 351, 353, 355, 357, 359, 360, 362, 363, 364, 365, 367, 369, 370, 372, 376, 377, 378, 383, 384, 388, 392}
1049 {318, 389}
1053 {330, 337, 345, 359, 361, 363, 365, 384, 391, 392}
1054 {327, 357, 367, 373}
1055 {328, 331, 345, 369}
1058 {339}
1059 {326, 351, 366, 372, 382}
1060 {333, 341, 343, 347, 352, 362, 386, 387, 388}
1061 {327}
1062 {322, 343}
1064 {351, 352, 387}
1065 {323, 327, 344, 350, 364, 370, 376, 387, 388}
1066 {327, 344, 370}
1067 {331, 342, 347, 357, 360, 364, 371, 372, 376, 377, 384}
1070 {351, 359}
1071 {372, 374}
1072 {376}
1073 {329, 330, 345, 390}
1074 {318, 325, 330, 342, 344, 345, 356, 359, 360, 370, 372, 384, 386, 387, 391}
1075 {318, 319, 325, 337, 341, 346, 347, 348, 355, 365, 366, 367, 369, 372, 374, 379, 386}
1077 {367, 378}
1078 {321, 322, 323, 325, 331, 332, 334, 337, 343, 345, 347, 352, 353, 356, 359, 360, 364, 365, 366, 367, 374, 376, 377, 380, 386, 387, 392}
1079 {326, 340, 364, 372, 384}
1084 {347, 356, 360}
1085 {324, 328, 341, 362, 392}
1087 {317, 328, 329, 332, 333, 345, 346, 347, 353, 355, 374, 376, 380, 381, 387, 389}
1088 {376}
1089 {318, 379, 389}
1090 {318}
1092 {362}
1094 {336}
1096 {343}
1100 {321, 336, 343, 353, 369, 376, 380, 382, 391}
1108 {325, 333, 345, 384}
1110 {322, 335}
1112 {320, 322, 339, 342, 345, 353, 359, 369, 374, 384}
1113 {367}
1114 {319, 323, 332, 334, 337, 339, 342, 369, 391}
1116 {333}
1119 {351, 353}
1121 {325, 345}
1122 {389}
1123 {332}
1124 {319, 320, 321, 322, 325, 334, 335, 349, 357, 358, 359, 364, 388, 389, 391, 393}
1127 {352}
1128 {334, 376}
1129 {319, 323, 331, 334, 342, 348, 349, 351, 360, 365, 367, 369, 372, 378, 379, 387}
1130 {319, 331, 334, 337, 344, 354, 356, 358, 364, 370, 372, 374, 391}
1131 {332, 336, 338, 342, 350, 366, 369, 376, 384, 392}
1132 {322}
1133 {317, 333, 368, 373}
1135 {317, 325, 328, 333, 336, 337, 342, 347, 353, 376, 388}
1136 {381}
1139 {317, 333, 354, 357, 363}
1140 {341, 358}
1143 {323, 324, 344, 352, 359, 363, 370, 393}
1144 {324, 365, 372}
1145 {330, 332, 341, 348, 370}
1146 {339, 341, 350, 359}
1147 {318, 341, 362, 375, 379, 383}
1148 {355, 364, 369}
1149 {330, 367, 388}
1152 {382}
1153 {341, 350}
1154 {376, 392}
1155 {322, 336, 375, 386}
1156 {386}
1157 {317, 318, 319, 333, 343, 346, 355, 360, 373}
1159 {317, 321, 322, 333, 338, 339, 343, 344, 352, 357, 358, 366, 370, 373, 377, 380, 385}
1160 {317, 333, 368, 373}
1161 {324}
1163 {350, 360, 388}
1164 {317, 320, 327, 333, 338, 348, 350, 356, 377, 388, 392}
1166 {332, 333, 340, 352, 353, 360, 377}
1168 {322, 375}
1169 {317, 373}
1170 {376}
1171 {333, 349, 373, 381}
1173 {338}
1175 {329, 333, 338, 349}
1176 {318, 327, 337, 341, 343, 364, 391}
1177 {317, 320, 327, 333, 348, 356, 388}
1179 {317, 322, 323, 329, 333, 336, 356, 359}
1180 {333, 338, 342, 343, 368}
1181 {341, 364, 391}
1184 {320, 327, 333, 348, 350, 356, 388}
1185 {321, 332, 342, 350}
1186 {336}
1188 {320, 329, 337, 344, 361, 363, 364, 365, 366, 367, 369, 370, 374}
1189 {317, 330, 333, 352, 357, 361, 380, 387, 393}
1191 {320, 322, 390}
1192 {350, 388}
1194 {318, 328, 329, 333}
1197 {349}
1201 {318, 328, 330, 334, 341, 348, 350, 356, 359, 366, 381, 384, 386, 387, 392, 393}
1202 {318, 321, 374, 385}
1203 {333, 377}
1209 {335, 340}
1210 {333, 391}
1211 {350, 354}
1212 {350}
1213 {317, 327, 333, 348, 380, 388}
1214 {348, 350, 354, 388, 392}
1218 {323, 327, 335, 337, 343, 346, 348, 352, 353, 355, 358, 360, 367, 368, 372, 373, 380, 381, 384, 389}
1219 {328, 332, 349}
1220 {341, 348, 350, 388, 392}
1227 {374, 376, 387}
1230 {318, 327, 348, 350, 364, 366, 373, 378}
1231 {356}
1233 {318, 324, 333, 336, 339, 342, 344, 350, 357, 367, 370, 381, 392}
1234 {353, 361, 370, 373, 389}
1235 {317, 333, 341}
1240 {368}
1241 {360}
1242 {327, 332, 342, 351, 352, 358, 362, 388}
1243 {337, 338, 343}
1245 {373}
1246 {366}
1247 {381}
1248 {377}
1249 {317, 327, 333, 338, 351, 352, 373, 374, 388}
1250 {358}
1251 {338}
1252 {329, 331, 337, 342, 344, 351, 354, 356, 370, 374, 386}
1253 {344, 370, 374, 377, 384, 388}
1255 {320, 368}
1258 {322, 338}
1259 {343, 374}
1261 {368, 386}
1262 {318, 389}
1263 {365}
1265 {319, 329, 344, 351, 360, 363, 370, 380, 383, 390}
1266 {318, 330, 361, 384}
1267 {318, 326, 330, 361, 384, 386}
1268 {317, 319, 322, 333, 338, 347, 349, 351, 372, 376, 380, 387}
1269 {327}
1270 {355}
1271 {319}
1273 {374}
1274 {330}
1275 {326, 330, 361, 384}
1276 {345, 359}
1278 {318, 328, 330, 345, 359, 361, 384}
1279 {335, 375, 380}
1280 {345, 347, 348, 356, 363, 366}
1282 {325, 391}
1284 {330, 350, 354, 361, 365, 366, 374, 384, 388, 391}
1285 {318, 345, 359}
1286 {318, 326, 328, 359}
1287 {328, 330, 359, 384}
1288 {321, 327, 330, 361, 365, 380}
1291 {341, 347, 378}
1292 {322, 391}
1298 {385}
1299 {319, 321, 322, 329, 358, 369, 377, 378}
1300 {332, 345, 365, 391}
1303 {347}
1304 {332, 373, 377}
1305 {384}
1307 {347, 365, 381, 391}
1310 {319, 321, 351, 353, 358}
1313 {335, 348, 365, 375}
1317 {318, 321, 323, 331, 344, 347, 351, 361, 370, 373, 374, 378, 381}
1318 {319, 334, 337, 373, 374}
1324 {337, 352, 364, 391}
1325 {318, 337, 377, 388}
1328 {319, 327, 338, 344, 351, 366}
1330 {321, 331, 341, 352, 363}
1333 {330, 361}
1334 {330, 352, 361}
1335 {318, 330, 349, 350, 356, 360, 372, 386}
1340 {330, 345, 359}
1341 {328, 345, 364, 381}
1342 {317, 333, 378}
1345 {342}
1346 {377}
1347 {322, 327, 329, 337, 341, 343, 351, 376, 384, 388}
1348 {328, 352, 367}
1350 {377, 383}
1352 {319, 321, 329, 336, 339, 343, 363, 364, 381}
1354 {319, 391}
1355 {352, 383, 389}
1356 {388}
1358 {373}
1360 {319, 366}
1361 {328, 345, 373}
1364 {358}
1366 {362, 393}
1369 {318, 359}
1370 {359}
1371 {329, 358}
1373 {330, 345, 359, 361, 384}
1375 {359, 391, 393}
1376 {367}
1378 {318, 330, 374, 375}
1382 {345}
1384 {322, 338, 352, 359, 361, 365, 371, 383}
1385 {318, 319, 320, 327, 331, 335, 336, 359, 365, 367, 369, 375, 376}
1386 {378}
1387 {336}
1388 {374}
1392 {343}
1395 {329}
1396 {318, 365, 367, 391}
1399 {332, 343, 368}
1400 {319, 321, 325, 331, 337, 342, 344, 351, 356, 359, 362, 364, 365, 367, 369, 370, 373, 374, 378, 387, 393}
1401 {328, 336, 337, 342, 345, 350, 354, 359, 369, 389}
1402 {372}
1405 {358}
1406 {323, 342}
1407 {389}
1408 {322, 363}
1409 {361, 384}
1412 {318, 367}
1413 {320}
1414 {336, 376, 389}
1415 {383}
1416 {335}
1417 {318, 334, 336, 337, 341, 342, 358, 359, 363, 364, 365, 369, 372, 374, 380, 386, 388}
1418 {324, 333, 335, 375}
1421 {374}
1423 {318, 328, 334, 337, 339, 341, 346, 349, 352, 355, 360, 363, 367, 374, 377, 386, 388}
1425 {329, 331, 334, 336, 346, 354, 355}
1426 {323, 325, 326, 345, 348, 350, 352, 361, 362, 364, 365, 367, 375, 378, 383, 389, 392}
1427 {330, 337, 339, 356, 365, 369, 389}
1428 {335, 380}
1432 {375}
1433 {326, 385, 392}
1434 {320, 328, 351, 369, 377, 384}
1435 {318}
1437 {368}
1438 {334, 360, 376}
1440 {336, 367}
1441 {376}
1442 {332}
1443 {318, 319, 332, 335, 342, 349, 359, 362, 365, 382, 385}
1444 {337, 343, 358, 376, 382}
1445 {325}
1446 {326}
1447 {317, 333, 347, 349, 353, 367, 373, 380}
1448 {322, 328, 374, 376, 391}
1450 {318, 326, 337, 344, 346, 348, 351, 355, 359, 363, 370, 376, 378, 381, 390}
1452 {342, 344, 368, 370, 373, 380}
1453 {324, 383}
1454 {351, 387}
1455 {371}
1456 {318, 324, 328, 339, 347, 353, 386, 391}
1457 {323, 337, 339, 341, 342, 344, 364, 370, 390}
1460 {324, 327, 335, 338, 347, 357, 360, 362, 367}
1461 {323}
1463 {331, 334}
1466 {338, 380}
1467 {327, 333, 343, 360, 364, 365, 367}
1468 {342}
1470 {371}
1471 {375}
1472 {349, 353, 364}
1473 {319, 327, 345, 360, 361, 372}
1474 {353, 362, 369, 372, 391}
1475 {326, 347, 351, 357, 366, 380, 387, 388}
1476 {353, 362, 387}
1477 {322}
1479 {322}
1480 {321, 323, 324}
1482 {319, 334, 341}
1483 {377, 390}
1485 {346, 355, 390}
1486 {390}
1487 {336}
1488 {324, 333, 343, 352, 353, 359, 363, 381}
1489 {323, 335, 339, 342, 344, 352, 356, 363, 364, 370, 383, 384, 391}
1490 {322, 344, 370, 373}
1492 {362, 364}
1493 {330, 333, 345, 359, 361}
1494 {318, 329, 336, 357, 364, 366, 392}
1495 {338}
1496 {319, 339, 349}
1497 {322, 324, 327, 334, 335, 346, 362, 363, 366, 372, 374, 380}
1498 {325, 329, 331, 334, 344, 345, 351, 352, 359, 370, 374}
1500 {321, 325, 328, 331, 333, 337, 342, 344, 345, 346, 349, 351, 356, 357, 361, 364, 366, 370, 374, 386}
1501 {321, 326, 329, 331, 334, 346, 349, 351, 356, 358, 363, 364, 367, 373, 374, 378, 379, 386, 389}
1502 {326, 328, 336, 358, 365, 389}
1503 {324, 386}
1504 {334, 348, 349, 364}
1505 {331, 334}
1507 {322, 336}
1508 {317, 327, 333, 369, 372, 381}
1509 {319, 323, 328, 333, 338, 341, 342, 345, 351, 353, 360, 366, 372, 384, 386, 389}
1510 {347, 358}
1513 {323, 360, 380}
1516 {323, 339, 363, 374, 380, 381, 386, 391}
1517 {327, 353, 360, 376}
1518 {336, 346, 355, 367}
1519 {356}
1520 {323, 330, 373}
1521 {327, 343, 353, 380}
1523 {317, 320, 327, 330, 333, 361, 384, 392}
1525 {333, 349, 356, 380, 392}
1526 {344, 364}
1527 {323}
1529 {362}
1530 {323, 362, 378}
1532 {318, 324, 325, 330, 334, 344, 346, 355, 359, 367, 368, 370, 373, 374}
1533 {323, 325, 335, 340, 344, 358, 366, 370, 374, 381}
1534 {328}
1536 {342, 373, 383}
1537 {322, 330, 345, 359, 361, 384, 391}
1538 {330, 345, 359, 361, 362, 373, 384}
1542 {353, 358, 360}
1544 {317, 333, 338, 339, 343, 352, 353, 356, 358, 359, 360, 366, 373}
1545 {337, 369, 375, 378}
1546 {330, 359, 384}
1547 {335, 347, 371}
1548 {343, 353, 357, 362, 369, 373, 378}
1549 {319, 322, 326, 327, 332, 334, 336, 345, 347, 360, 363, 373, 376, 382, 384, 387, 391}
1550 {347}
1551 {318, 321, 344, 345, 363, 370}
1552 {340}
1554 {391}
1555 {331, 335, 354, 374, 389}
1556 {321, 323, 331, 339, 349, 351, 363, 367, 378}
1557 {321, 352, 366}
1560 {357, 369, 382}
1563 {359}
1564 {340, 356, 366}
1566 {322, 323, 338, 369, 374}
1568 {385}
1571 {330, 361}
1573 {346, 355, 371}
1575 {323, 336, 338, 371, 380, 387}
1577 {321, 340, 358, 360, 366}
1578 {382, 383, 392}
1581 {335}
1582 {331, 338, 340, 349, 368, 369, 372, 380, 381, 384, 387}
1583 {364}
1585 {360}
1588 {382}
1589 {323, 347, 376}
1591 {350}
1592 {333}
1595 {338, 340, 383}
1596 {341, 374}
1597 {380}
1598 {319, 340, 347, 350, 354, 362, 376, 380, 384}
1599 {328, 350, 380}
1600 {345, 384, 391}
1601 {318, 326, 333, 349, 353, 384}
1602 {328, 337}
1603 {337, 347, 348, 354, 360, 377, 388}
1605 {373, 383, 384, 389, 392}
1607 {320, 327, 332, 344, 345, 359, 360, 363, 367, 370, 373, 380, 387, 391, 392}
1608 {383}
1609 {336}
1610 {322}
1615 {337, 349, 359, 369, 392}
1616 {340, 351, 354, 364, 384, 391}
1617 {322, 330, 354, 359, 361, 374, 384, 388, 391}
1618 {328, 353, 356}
1620 {366}
1623 {375}
1625 {322}
1627 {375}
1628 {375}
1630 {323, 339, 392}
1632 {337}
1638 {387}
1640 {318, 322, 325, 338, 378}
1641 {332, 371, 392}
1643 {353}
1647 {329, 333, 358, 374}
1648 {338}
1649 {343, 385, 386}
1650 {319, 320, 338, 370, 380}
1651 {320}
1653 {322, 329, 335, 356, 380, 392}
1654 {392}
1655 {324, 348, 360, 363, 366, 371, 381}
1656 {343, 349, 352, 372, 391}
1657 {343}
1659 {326}
1661 {347, 366}
1662 {320, 377, 386, 391}
1665 {366}
1666 {318, 333, 368}
1667 {328, 330, 335, 338, 374, 380}
1668 {346, 355}
1669 {348, 366, 390}
1670 {338, 376, 392}
1671 {341, 343, 354, 367, 388}
1672 {323, 363}
1673 {372, 390}
1674 {323, 324, 353, 390}
1675 {348, 362, 364, 374, 387}
1677 {371}
1678 {391}
1682 {365}
1683 {323, 347, 379}
1685 {318, 322, 324, 328, 352, 361, 365, 366, 367, 381, 388}
1686 {322, 347, 369}
1688 {320, 321, 327, 341, 342, 343, 347, 358, 360, 369, 378, 392}
1691 {339}
1692 {321, 375, 380}
1693 {358}
1694 {321, 343, 344, 357, 370, 378, 380}
1696 {336, 348}
1697 {347, 375}
1699 {326}
1700 {336}
1703 {349}
1705 {378}
1706 {317, 318, 327, 333, 348, 356, 359, 360, 369, 382}
1707 {323, 347, 365}
1709 {326, 343, 364, 367, 373, 376, 381, 389, 393}
1710 {321, 335, 337, 338, 353, 376}
1711 {348}
1713 {317, 333}
1714 {336, 348}
1715 {323, 324, 373}
1716 {322, 382}
1717 {328, 365, 372, 387}
1718 {345, 367}
1719 {335}
1722 {338}
1723 {321, 360, 366, 373}
1729 {345, 353, 357, 376}
1730 {335}
1732 {349, 381}
1733 {353}
1734 {321, 330, 387}
1740 {337, 342, 347, 349, 351, 356, 365, 367, 386}
1741 {321, 322, 344, 370, 393}
1742 {321, 326, 358, 389}
1743 {365}
1744 {317, 333, 334, 369, 389}
1748 {354, 358, 379, 389}
1750 {368}
1751 {320, 375}
1753 {327, 334, 336, 350, 356, 361, 373, 375, 376, 380, 388, 389}
1754 {321, 323, 333, 336, 339, 356, 366, 372, 386}
1755 {341, 358}
1759 {339, 383}
1760 {345}
1765 {319}
1767 {371}
1768 {335}
1769 {344, 355, 370, 382}
1770 {318, 348, 359, 363, 365, 371, 377, 392}
1771 {318, 322, 324, 338, 339, 346, 347, 348, 355, 357, 371, 381, 391}
1772 {321, 323, 338, 358, 369}
1775 {318, 326, 345, 348, 367}
1776 {328, 348, 360, 376, 378, 388, 389}
1777 {320}
1778 {348}
1781 {376}
1782 {339, 356, 358}
1783 {345, 381, 385}
1786 {319, 321, 323, 324, 332, 339, 341, 347, 364, 367, 378, 386}
1787 {318, 336, 350, 373, 378, 381, 383, 386, 388, 392}
1790 {350, 352, 386, 388}
1791 {323, 330, 342, 352, 359, 361, 373, 379}
1792 {346, 355, 358, 386}
1793 {318, 332, 365}
1795 {328, 371, 392}
1796 {323, 342, 349, 352, 356}
1797 {318}
1801 {319, 323, 326, 331, 337, 340, 350, 351, 356, 373, 384, 391}
1803 {321, 329, 337, 338, 344, 354, 358, 363, 367, 370, 374}
1805 {347}
1806 {318, 344, 370, 372, 373}
1807 {326, 344, 370}
1811 {358}
1812 {328, 375}
1814 {377}
1817 {319, 348}
1818 {391}
1820 {356, 376}
1821 {352}
1823 {319, 322, 336, 339, 341, 359, 360, 369, 372, 376}
1826 {318, 321, 326, 328, 334, 337, 341, 345, 348, 350, 359, 361, 367, 376, 384, 388, 392}
1829 {389}
1830 {318, 388}
1831 {329}
1832 {329, 355, 363}
1836 {320, 346, 350, 356, 365, 388, 392}
1837 {320, 326, 333, 347, 360, 386, 391}
1838 {322, 332, 336, 343}
1839 {322, 386}
1843 {326, 367}
1844 {336}
1846 {319, 358}
1848 {382}
1850 {332}
1851 {358, 380}
1852 {362}
1853 {350}
1855 {322, 329, 331, 333}
1856 {327, 329, 351, 376}
1857 {326, 389}
1858 {327, 369}
1862 {323}
1864 {319, 354}
1868 {323, 324, 363}
1870 {326}
1871 {356, 363, 383}
1872 {365}
1873 {377, 386, 392}
1874 {358}
1875 {322, 328}
1876 {324, 329, 347, 351, 354}
1879 {321, 329, 351, 358, 363}
1885 {382}
1888 {361}
1890 {351, 361, 371, 372}
1892 {328, 363, 365, 369, 378, 392}
1893 {353, 379}
1894 {345}
1895 {358}
1897 {320, 331, 384}
1898 {319, 328, 331, 334, 358, 367, 372}
1899 {338, 360, 381}
1900 {373, 392}
1901 {354}
1902 {330}
1903 {371}
1904 {324, 325, 343, 345, 354, 360, 367, 369, 382, 391}
1905 {376, 389}
1907 {391}
1909 {385}
1913 {357}
1918 {324, 327, 357, 382}
1919 {371, 382}
1920 {328}
1921 {358}
1925 {336, 373, 389}
1926 {371}
1927 {358}
1929 {322, 335, 336, 342, 347, 363}
1934 {318, 323}
1935 {382}
1936 {382}
1938 {350, 388}
1940 {383}
1942 {323, 376}
1943 {389}
1944 {378}
1945 {385}
1946 {344, 364, 370}
1948 {375}
1950 {358}
1956 {380}
1957 {350, 387, 388}
1958 {347, 358}
1960 {366}
1961 {344, 351, 352, 359, 370, 377, 382}
1962 {335}
1963 {324, 340, 354}
1966 {321, 325, 334, 374, 386}
1967 {322, 382}
1969 {375}
1970 {391}
1971 {338, 368, 392}
1972 {338, 368}
1973 {343, 353, 381, 384}
1974 {365, 368, 372, 376}
1975 {338, 362}
1976 {338, 349, 362, 368}
1977 {362}
1978 {362}
1979 {322, 328, 339, 349, 350, 351, 352, 359, 360, 362, 364, 374, 377, 379, 380, 383, 385, 386, 388, 392}
1982 {332, 350, 352, 357, 369}
1983 {326, 373, 381}
1984 {325, 349}
1985 {317, 333, 392}
1986 {327, 338}
1987 {338}
1988 {338}
1989 {338, 392}
1991 {338, 356}
1992 {338, 356}
1994 {317, 333, 338, 358}
1995 {338}
1996 {338}
1997 {320, 327, 338, 348, 350, 388, 392}
1998 {338}
1999 {327, 338}
2005 {327, 352, 377}
2006 {320}
2008 {358}
2012 {365}
2014 {338}
2015 {332, 350, 358}
2016 {328, 338, 340, 342, 373}
2017 {338, 349}
2019 {328, 334, 360}
2020 {325, 359, 380}
2021 {354}
2022 {338, 356, 371}
2023 {374}
2025 {328, 360, 382, 388, 390}
2027 {384}
2028 {320, 364, 380}
2032 {352}
2038 {387}
2039 {329, 333, 367, 385}
2040 {375}
2044 {319, 332, 379, 388}
2045 {366}
2046 {325, 334, 386}
2047 {329, 336, 337, 351, 391}
2048 {351}
2052 {387, 391}
2053 {321, 326, 376}
2054 {350, 383, 392}
2057 {384}
2058 {369}
2059 {333}
2061 {325, 330, 331}
2062 {352}
2067 {391}
2068 {384}
2069 {319}
2070 {317, 320, 333, 343, 361, 384}
2071 {362}
2073 {352, 365}
2074 {320, 359, 369, 374, 377, 387, 391}
2077 {333, 334, 335, 383, 390}
2078 {320, 323, 360, 370, 374}
2079 {326, 358, 386}
2080 {326, 358, 372, 386}
2081 {329}
2082 {339}
2083 {345, 356}
2084 {336, 350, 375}
2086 {323, 353}
2087 {320, 348, 350, 388}
2092 {337, 364}
2093 {337, 364}
2094 {320, 323, 327, 337, 341, 346, 348, 355, 358, 360, 364, 371, 387, 390}
2095 {337}
2096 {337}
2097 {358}
2099 {367, 372}
2100 {364}
2101 {319, 324, 331, 348, 361, 384}
2103 {323}
2104 {364}
2105 {322, 342, 350, 356, 364, 388, 389}
2106 {340, 364}
2107 {364}
2110 {337}
2111 {364}
2112 {339, 359}
2114 {364}
2115 {332, 337, 338, 362}
2116 {364}
2117 {342}
2118 {332, 360, 364}
2122 {334, 336, 345, 372, 384, 386, 392}
2123 {361, 384}
2124 {345}
2127 {352, 388}
2128 {322, 335, 353}
2129 {353, 358}
2130 {344, 353, 370, 385}
2131 {368, 389}
2134 {337}
2135 {332, 349}
2136 {344, 353, 360, 366, 370, 374, 388}
2137 {322, 347}
2138 {322, 391}
2140 {317, 327, 333, 337, 361, 364, 375, 376}
2141 {335, 337, 391}
2142 {326, 365, 369}
2144 {389}
2145 {343, 383}
2146 {361, 384}
2148 {329, 389}
2149 {322, 328, 340, 369, 372}
2150 {337, 391}
2152 {318, 353}
2160 {374}
2161 {318, 335, 346, 359, 361, 362, 363, 368, 373, 379, 382, 385}
2162 {338}
2163 {326, 330, 335, 337, 338, 352, 353, 356, 361, 367, 374, 376, 384}
2164 {332}
2165 {353, 364}
2167 {337, 364}
2168 {322, 330, 331, 337, 361, 364, 365, 384}
2169 {345, 384}
2170 {322, 327, 333, 335, 354, 387}
2171 {322}
2172 {319, 321, 347, 369, 374, 384}
2173 {327, 336, 343, 356, 358, 362, 365}
2174 {344, 370, 392}
2175 {322, 357, 391}
2178 {366}
2179 {357}
2180 {375}
2184 {347, 364, 386, 390}
2185 {338, 342, 352, 357, 365, 378, 380, 391}
2186 {385}
2187 {362}
2190 {357}
2191 {374}
2194 {321, 362}
2197 {319, 351, 361, 372}
2200 {369}
2202 {318, 335, 364, 374}
2203 {333, 346, 352, 355, 365, 370, 381}
2210 {317, 333, 358}
2211 {366}
2215 {358, 369, 373, 381}
2217 {327, 333, 348}
2220 {376}
2221 {324, 374, 384, 387}
2224 {391}
2227 {325}
2229 {378}
2231 {343}
2232 {330, 350}
2235 {323, 353, 357, 362, 392}
2238 {326, 341, 345, 347, 348, 357, 367, 389}
2239 {376}
2242 {357, 375, 391}
2243 {355, 366, 372}
2244 {353}
2246 {320, 321, 322, 338, 356, 361, 364, 368, 374}
2248 {391}
2250 {371, 382}
2251 {334, 343, 347, 350, 361, 369, 379, 383}
2255 {364}
2258 {385}
2259 {385}
2260 {385}
2261 {320}
2262 {342}
2263 {357}
2264 {324, 327, 390}
2265 {324, 361}
2266 {336}
2268 {347}
2271 {324, 363}
2272 {322, 342, 370, 374, 386, 389, 391}
2276 {348, 350}
2277 {331, 376}
2278 {323, 327, 339, 360}
2280 {321, 366}
2283 {330, 331, 344, 346, 347, 361, 369, 370, 372}
2284 {360}
2288 {341, 389}
2289 {321, 360}
2294 {336, 357}
2296 {375}
2298 {317, 333, 353}
2310 {317, 323, 325, 330, 333, 349, 359, 361, 373, 377, 380}
2311 {327, 339, 342, 363}
2312 {326}
2313 {324}
2317 {322, 350, 374}
2319 {357, 376, 384}
2320 {322}
2323 {318, 321, 336, 364}
2327 {322, 350}
2328 {329, 348, 379}
2330 {342}
2335 {321, 337, 356, 372}
2336 {347}
2340 {335}
2344 {376}
2348 {317, 333, 338, 349, 368, 373}
2349 {368}
2350 {321, 358, 363}
2352 {358}
2354 {330, 357, 361, 389}
2355 {318, 322, 331, 337, 365, 372}
2356 {318, 336, 362, 381}
2359 {322, 330}
2360 {347, 357, 375}
2361 {353, 361}
2367 {341, 366, 369}
2369 {345}
2370 {325, 328, 347}
2371 {325, 353}
2377 {320, 321, 345, 358, 361, 374}
2378 {325, 330, 353, 358, 361, 367}
2380 {345, 350, 362, 371, 377, 389, 391}
2381 {334, 349, 371, 384, 388}
2382 {349}
2385 {318, 342, 345, 391}
2386 {338}
2387 {317, 333, 349}
2388 {349}
2389 {380, 389}
2391 {333}
2395 {319, 322, 333, 334, 345, 372}
2396 {323, 339, 348, 349, 354}
2397 {322, 328, 333, 342, 343, 379}
2398 {333, 338, 368}
2400 {324, 339}
2401 {328, 338, 345, 349}
2402 {361}
2403 {326, 347, 352}
2405 {333, 349, 373}
2409 {338}
2413 {382}
2414 {365}
2417 {332}
2418 {371}
2419 {326, 375}
2420 {361, 384}
2421 {375}
2425 {343, 390}
2429 {336, 363}
2430 {336}
2433 {335, 391}
2434 {368}
2435 {384, 387}
2438 {340, 348, 353, 361, 371}
2441 {319, 325, 344, 351, 358, 361, 367, 371, 383}
2442 {383}
2443 {358, 361, 379, 384, 387, 390}
2444 {383}
2445 {383}
2446 {375}
2447 {350}
2453 {383}
2454 {325, 353, 368, 387}
2456 {365, 378}
2457 {328, 329, 363, 382}
2463 {326, 352, 380}
2465 {346}
2469 {323}
2470 {329}
2472 {347, 375, 381}
2473 {343, 353}
2474 {347}
2477 {324, 335, 350, 383, 391}
2479 {331, 334, 344, 346, 370, 378, 384}
2480 {363, 383}
2482 {335}
2489 {354, 391}
2490 {331, 338, 358, 363}
2491 {376}
2493 {347}
2494 {332}
2497 {332, 373}
2502 {388}
2505 {342, 367, 372, 376}
2509 {323, 336, 339, 342, 356, 358, 361, 379}
2512 {366}
2515 {319, 346, 347, 355, 366}
2517 {357}
2519 {384}
2528 {322, 324, 347, 358, 363, 391}
2529 {337, 384}
2530 {366}
2532 {329}
2536 {320, 324}
2537 {318, 322}
2539 {320, 331, 339, 367, 369, 374, 391}
2541 {347}
2542 {330, 346}
2543 {362}
2544 {348, 354}
2545 {329}
2550 {374}
2553 {321, 347, 363, 364, 372, 391}
2555 {319, 323, 326, 336, 339, 341, 351, 354, 358, 362, 376, 384}
2556 {319, 325, 349, 351, 369, 386}
2557 {321, 344, 348, 352, 356, 366}
2558 {344, 370}
2562 {343, 367, 375}
2565 {323, 324, 334, 384, 387}
2568 {321, 332, 348}
2569 {344, 370}
2570 {359, 374, 388}
2574 {332, 341, 347, 357, 364, 378, 387}
2575 {349}
2577 {380}
2580 {332, 340, 359, 388, 393}
2583 {317, 332, 333, 341, 347, 354, 380, 388}
2585 {332, 375}
2586 {321, 352, 373, 377, 380}
2591 {322}
2592 {337, 339, 364}
2596 {323, 380, 386}
2599 {365}
2602 {330, 363, 390}
2613 {322}
2614 {322}
2615 {322}
2618 {388}
2619 {346, 352, 353, 355, 366, 369, 380}
2622 {354}
2625 {342}
2626 {388}
2635 {375}
2637 {335, 339}
2639 {343, 375, 378, 383, 392}
2640 {318, 333, 342}
2642 {322, 324, 325, 349, 362, 369, 376, 377, 387}
2643 {325, 342, 352, 373}
2645 {363}
2648 {351}
2654 {342}
2655 {389}
2660 {322}
2663 {371}
2668 {382}
2670 {329, 350, 377, 392}
2673 {322, 335}
2674 {324, 363, 377}
2675 {349}
2677 {372}
2680 {325, 374}
2683 {322}
2685 {374}
2686 {346, 355}
2687 {372}
2688 {347, 373}
2692 {317, 324, 327, 333, 384}
2699 {322}
2700 {332}
2702 {373}
2708 {377}
2709 {322, 332, 342, 352, 363, 377}
2711 {329}
2712 {373}
2713 {323, 337, 341, 369, 379}
2714 {380, 389}
2715 {354}
2716 {384}
2717 {322, 345, 360, 369}
2722 {335, 347, 366}
2723 {327, 357}
2725 {373}
2726 {322, 351, 380, 388, 389}
2728 {326}
2731 {361}
2732 {321}
2735 {362, 365}
2736 {329}
2737 {323, 326, 341, 377}
2738 {320}
2740 {364, 376}
2742 {358}
2743 {358}
2744 {338, 346, 349, 360, 366, 374, 386}
2747 {324, 347, 348}
2749 {323}
2750 {378}
2751 {330}
2754 {333, 368}
2756 {352}
2757 {317, 333, 373, 392}
2760 {339, 346, 355, 360, 363, 369, 374}
2761 {373}
2765 {345, 381}
2767 {366}
2768 {369}
2769 {369, 392}
2770 {329, 332, 336, 348, 350, 357, 366, 376, 381}
2771 {392}
2773 {351, 370, 372}
2775 {366, 380}
2776 {319, 337, 338, 342, 370, 372}
2778 {360, 384, 390}
2779 {337, 344}
2782 {349, 351}
2783 {336, 380}
2784 {323, 380}
2785 {380}
2786 {318, 329}
2787 {353}
2788 {338, 373, 377, 383}
2789 {321, 336, 337, 344, 360, 370}
2790 {321, 323, 326, 331, 375}
2793 {366}
2794 {352, 367, 381, 387}
2796 {345, 361, 364, 379, 384}
2797 {342, 348, 388}
2798 {321, 360, 378}
2799 {324, 336, 363}
2800 {375}
2801 {380}
2805 {325, 358}
2807 {369}
2808 {323}
2809 {334, 354, 370}
2810 {329}
2811 {321, 381}
2812 {362}
2817 {322, 391}
2818 {327, 371}
2821 {334}
2823 {366}
2827 {389}
2829 {345}
2834 {349, 362, 369}
2836 {328, 332, 339, 346, 352, 355, 391}
2837 {332, 372, 387, 389}
2838 {322, 331, 346, 351, 354, 355}
2840 {335, 347, 391}
2841 {343, 382}
2842 {352, 391}
2844 {344, 351, 370}
2845 {336, 383}
2847 {351}
2860 {350}
2861 {367}
2863 {376, 389}
2864 {352, 377}
2869 {347}
2877 {334}
2882 {336}
2885 {368}
2890 {319, 393}
2891 {391}
2893 {344, 366, 370}
2898 {383}
2899 {329, 331, 344, 351, 352, 367, 369, 370, 372, 374, 378, 381, 386}
2902 {358}
2907 {322, 381, 391}
2909 {317, 321, 324, 333}
2910 {334, 353}
2914 {368, 372}
2923 {330, 345, 359, 361, 384}
2926 {322, 377}
2932 {343}
2934 {382}
2936 {382}
2937 {383, 393}
2939 {378, 386}
2942 {377}
2943 {334, 346, 355}
2944 {327}
2949 {327}
2953 {321, 339}
2954 {339, 341, 342, 373}
2955 {319, 346}
2963 {376}
2964 {321, 327, 337, 343, 347, 369, 378, 386, 387}
2966 {346, 355}
2968 {366}
2972 {387}
2973 {320, 348, 350, 388}
2974 {348}
2975 {328, 338, 339, 362, 371, 376}
2976 {363}
2977 {318, 319, 321, 324, 348, 356, 377, 382}
2979 {359}
2980 {345, 362, 387}
2982 {343, 379, 381}
2985 {358}
2988 {367, 388, 392}
2991 {321, 326, 365, 373}
2992 {325, 357, 375}
2993 {344, 370}
2994 {371, 386}
2997 {323, 328, 332, 339, 364}
2998 {339, 342, 345, 387}
2999 {320, 322, 328, 336, 348}
3000 {324, 333}
3001 {327, 339, 387}
3003 {367, 368, 375, 384}
3004 {317, 333}
3007 {356}
3009 {323}
3011 {325, 359}
3014 {381}
3015 {317, 333, 349}
3017 {333, 337, 353}
3019 {361, 381}
3020 {349}
3022 {335, 349}
3025 {368}
3026 {352}
3028 {387, 391}
3030 {333, 349}
3031 {371}
3035 {358}
3038 {374}
3041 {318}
3042 {330, 349, 374}
3044 {317, 333, 356, 373}
3046 {355}
3047 {317, 333}
3048 {358, 365, 373, 391}
3050 {333, 344, 345, 346, 352, 353, 355, 358, 360, 362, 370, 380}
3053 {326, 331, 342, 366, 391}
3055 {319, 344, 352, 360, 365, 367, 370, 377, 389, 390}
3060 {322}
3061 {330, 332, 353, 361}
3062 {319, 364}
3063 {367}
3066 {319}
3067 {319}
3068 {319}
3069 {347, 362, 365}
3070 {358}
3071 {329, 341, 347}
3072 {347, 358, 391}
3073 {347}
3074 {347}
3075 {347, 352, 377}
3076 {347, 358, 382}
3077 {347, 357, 381}
3078 {330, 337, 347, 358}
3079 {347, 382, 383}
3080 {322, 339, 347}
3081 {335, 347, 384}
3082 {347}
3083 {336, 347}
3084 {321, 326, 347, 351}
3085 {325, 326, 331, 334, 341, 347, 349, 351, 356, 358, 363, 367, 371, 374, 378, 386, 388, 391}
3086 {347, 376}
3087 {347, 376}
3088 {347}
3089 {347}
3090 {347}
3091 {347}
3092 {347}
3093 {347}
3094 {347}
3095 {347}
3096 {328, 334, 347}
3097 {328, 347}
3098 {347}
3099 {347}
3100 {347, 371}
3101 {347}
3102 {347}
3103 {347}
3104 {347}
3105 {347}
3106 {328, 329, 347}
3107 {347}
3108 {347}
3109 {347}
3110 {344, 347, 370, 376}
3111 {347, 376}
3112 {347}
3113 {346, 347, 355, 374}
3114 {344, 347, 364, 370}
3115 {347}
3116 {347}
3117 {347}
3118 {347, 358}
3119 {347, 379}
3120 {319, 337, 346, 347, 351, 374}
3121 {337, 347}
3122 {347}
3123 {347, 352}
3124 {319, 325, 334, 346, 347, 351, 355, 374, 376}
3125 {347}
3126 {347}
3127 {347}
3128 {347}
3129 {347, 367}
3130 {347}
3131 {347}
3132 {347}
3133 {347}
3134 {347}
3135 {334, 347}
3136 {347}
3137 {347}
3138 {347}
3139 {319, 342, 347, 358, 365}
3140 {341, 347}
3141 {347}
3142 {332, 347}
3143 {347}
3144 {347, 373}
3145 {347}
3146 {347, 373, 384}
3147 {347, 358}
3148 {347}
3149 {347}
3150 {347, 384}
3151 {347}
3152 {347}
3153 {318, 347, 349, 364}
3154 {317, 328, 333, 347, 375, 385}
3155 {347}
3156 {347, 358, 366}
3157 {347}
3158 {347}
3159 {318, 347, 349, 371}
3160 {328, 338, 347, 377, 386}
3161 {347}
3163 {347}
3164 {340, 347, 357}
3165 {347}
3167 {349}
3168 {349}
3172 {320, 328, 372, 379}
3173 {351}
3175 {380}
3178 {330, 389}
3182 {376, 393}
3183 {333, 338, 366}
3184 {335, 356}
3185 {364, 387, 389}
3188 {365}
3189 {322}
3190 {360}
3191 {345, 369, 384, 389}
3198 {333, 336, 373}
3199 {330, 361, 376, 384, 388}
3201 {358, 363}
3204 {338, 350, 382}
3205 {376}
3206 {349, 352}
3208 {326, 328, 330, 345, 359, 361, 375, 384}
3215 {352}
3216 {326}
3217 {325, 328, 346, 350, 355, 356, 360, 366, 376, 381, 386, 388}
3221 {375}
3222 {368}
3223 {368, 381}
3224 {318, 330, 361, 384}
3226 {361}
3227 {324, 330, 376}
3230 {326, 373}
3231 {322, 327, 352}
3234 {341, 344, 370}
3235 {318}
3237 {326}
3243 {384, 387}
3245 {326}
3246 {318, 324, 336, 359, 363, 391}
3248 {361}
3249 {364, 391}
3251 {337, 374}
3253 {325, 366}
3254 {362}
3258 {363, 374}
3260 {318, 328, 384}
3261 {322, 340, 391}
3264 {319, 331}
3265 {351, 361}
3268 {339, 351, 369, 378}
3271 {318, 328, 330, 361}
3272 {318, 326, 328, 330, 345, 359, 361, 362, 384, 386}
3274 {344, 370}
3275 {374}
3276 {366}
3277 {322, 342, 356, 359, 369, 376}
3279 {318, 319, 323, 359, 371}
3282 {332, 336, 343}
3283 {318, 366}
3285 {340}
3287 {339, 389}
3289 {330, 336, 345, 359, 361, 366, 384}
3291 {332}
3292 {332}
3293 {332, 365}
3294 {332}
3295 {392}
3296 {360}
3298 {336}
3299 {328, 362, 368}
3301 {372}
3303 {332, 339, 342, 343, 366}
3305 {345}
3306 {322, 325, 348, 349, 387}
3308 {332, 348}
3310 {323, 336, 339, 359}
3311 {376}
3313 {345, 372}
3317 {319, 321, 351, 365, 386}
3318 {332, 336, 343}
3321 {374}
3322 {366}
3327 {332, 336, 343}
3328 {332, 336, 343}
3330 {366, 382, 389}
3331 {336, 343, 351, 353, 369, 373, 383, 386}
3332 {388, 391}
3333 {320, 328, 329, 384}
3336 {332, 343}
3337 {328}
3341 {337}
3343 {324, 332, 333, 376, 392}
3344 {371}
3346 {342, 355, 382}
3350 {336}
3363 {343}
3369 {332, 343, 362, 364, 390}
3371 {323, 339, 356}
3372 {392}
3375 {323, 378}
3378 {389, 393}
3380 {317, 321, 338, 372, 384}
3382 {319, 329, 344, 349, 356, 365, 367, 370, 388}
3388 {323}
3391 {338, 344, 383}
3406 {357}
3407 {336}
3411 {349, 353}
3424 {336}
3431 {384}
3433 {375}
3437 {328}
3438 {353, 374}
3442 {345, 391}
3443 {324, 356, 364}
3444 {320, 350, 362, 378, 388, 392}
3445 {321, 390, 391}
3458 {332, 383}
3489 {368, 385}
3490 {384}
3491 {338}
3492 {363, 376}
3496 {352}
3503 {322, 375}
3504 {330}
3506 {375}
3507 {327}
3510 {322}
3512 {357}
3513 {346, 355, 374}
3520 {338, 361, 375, 388}
3528 {323, 391}
3531 {357, 362, 376}
3532 {324}
3533 {319, 338}
3536 {361, 384, 388}
3537 {388}
3538 {356, 367, 388}
3540 {325, 334, 346, 351, 352, 355, 372, 374, 376, 378}
3546 {320, 321, 332, 333, 334, 343, 374, 387, 392}
3547 {326}
3548 {319, 325, 331, 334, 337, 338, 342, 344, 349, 351, 364, 365, 370, 373, 374, 376}
3549 {321, 391}
3551 {386}
3553 {346, 355}
3556 {319, 325, 328, 334, 351, 374}
3557 {319, 334, 351}
3558 {319, 325, 334, 351, 374, 376}
3559 {342, 366, 369, 386, 387}
3562 {319, 351, 369, 376, 380, 381}
3564 {320, 338, 341, 343}
3566 {349, 371, 393}
3567 {332, 376}
3569 {319, 325, 333, 334, 351, 374}
3570 {391}
3571 {358}
3572 {335}
3573 {319, 351, 367, 372}
3574 {319, 323, 336, 337, 349, 367}
3577 {380}
3578 {352, 372}
3580 {325, 386}
3581 {334, 346, 355, 372}
3582 {351}
3583 {334}
3584 {336}
3585 {328, 329, 340, 344, 354, 362, 370, 386}
3586 {318, 338}
3587 {331, 346, 365, 372}
3588 {372}
3589 {360}
3593 {343}
3595 {345}
3599 {345}
3600 {359, 368, 374, 384, 386}
3601 {334, 346, 355, 367, 372, 376}
3602 {333, 365}
3605 {343, 387}
3611 {353, 369}
3618 {371}
3621 {321, 331, 339, 363, 367, 373, 374, 378}
3622 {326}
3623 {358, 362}
3624 {341}
3626 {333, 362, 367, 369, 379, 391}
3628 {330, 337, 361, 380, 387}
3631 {322}
3634 {323, 336}
3635 {362, 381, 388, 390}
3637 {376}
3639 {350, 361}
3640 {373}
3645 {348}
3646 {338, 350, 362}
3649 {324, 349}
3654 {323, 373}
3655 {319, 336, 346, 355}
3657 {350}
3658 {320, 322, 343}
3661 {364}
3662 {345, 378}
3665 {329, 340}
3667 {377}
3668 {332, 339, 346, 355}
3672 {322}
3679 {375}
3682 {317, 333, 380}
3688 {326, 328, 330, 358, 367}
3690 {332, 365, 392}
3693 {332, 373}
3694 {336, 348}
3695 {324}
3697 {353, 357, 378}
3698 {330, 338, 361}
3700 {317, 366}
3702 {346, 355, 387, 391}
3703 {384}
3704 {320, 327, 385, 391}
3711 {349, 357}
3713 {345, 349, 386}
3717 {369}
3724 {358, 376}
3725 {320}
3728 {382, 389, 393}
3736 {352, 358}
3737 {376, 378, 380}
3743 {335, 375, 376, 391}
3744 {323, 339, 360, 376, 391}
3748 {376}
3751 {330, 361, 389}
3754 {340}
3755 {318, 366}
3756 {359}
3759 {385}
3762 {376}
3763 {330, 345, 352, 363, 373, 387}
3765 {338, 362, 384, 387}
3766 {334, 345, 378}
3769 {353, 360}
3771 {332}
3773 {336, 380}
3776 {331, 360, 362}
3778 {328}
3782 {331, 350}
3783 {376}
3787 {321, 343}
3788 {353}
3789 {360}
3792 {356, 386, 388}
3795 {322}
3796 {359}
3799 {350, 352, 365, 380}
3800 {352, 380}
3802 {361}
3803 {358}
3805 {374}
3808 {339, 352, 380}
3809 {344, 370, 390}
3810 {331}
3812 {389, 393}
3813 {380}
3814 {380}
3815 {345, 367}
3816 {380}
3820 {318, 324, 339, 342}
3821 {324, 341}
3822 {339}
3823 {321, 391}
3825 {360}
3828 {319, 321, 334, 345, 349, 353, 359, 383, 384}
3831 {318, 330, 362, 377}
3832 {380}
3833 {360}
3836 {352, 371}
3837 {330}
3839 {321, 336, 346, 349, 355, 367, 380, 388}
3843 {381}
3844 {390}
3845 {384}
3846 {322, 358}
3847 {352, 380}
3850 {362}
3852 {359, 362, 365, 381}
3853 {323, 344, 370}
3854 {344}
3860 {332}
3861 {318, 333, 381}
3864 {322, 343, 362, 368, 374}
3865 {344, 370}
3867 {362}
3868 {324, 374}
3869 {322, 382}
3871 {371, 389}
3878 {327, 344, 370, 387}
3879 {359, 367}
3882 {325, 345, 369, 388}
3883 {324}
3884 {325, 391}
3885 {319}
3886 {383}
3887 {321}
3888 {319}
3900 {345, 364, 378}
3906 {358, 360}
3907 {317, 333, 343, 360, 362}
3911 {380}
3915 {322, 329, 348, 374}
3918 {324, 335}
3920 {324, 391}
3921 {389}
3923 {340}
3925 {322, 343, 387}
3926 {376, 378}
3931 {321, 326, 376}
3932 {321}
3934 {323, 328}
3935 {364, 372}
3936 {325}
3939 {334, 351}
3940 {376}
3941 {325, 334, 351, 352, 372, 374}
3942 {334}
3944 {326, 344, 346, 356, 370, 378, 383, 391}
3945 {326}
3947 {319, 334, 372}
3949 {319, 323, 334, 369}
3950 {369, 376}
3952 {373}
3955 {326, 374, 376}
3956 {369, 374}
3957 {334}
3963 {325, 348, 350, 362, 365, 376, 388, 392}
3964 {359, 379, 380}
3967 {337, 355, 368, 369, 387}
3968 {336, 344, 370, 374, 381}
3969 {318, 326}
3971 {326, 333, 338, 363}
3972 {331}
3974 {337}
3979 {358}
3980 {322, 352}
3983 {338, 349, 374}
3985 {318}
3986 {326}
3991 {391}
3998 {369}
4000 {389, 391}
4006 {341}
4008 {322}
4009 {391}
4014 {388}
4016 {335}
4017 {348}
4019 {345}
4021 {346, 355, 369, 391}
4027 {332, 336, 389}
4031 {368}
4036 {349, 361}
4038 {321, 337}
4043 {322, 357}
4045 {324, 336, 363}
4047 {388}
4048 {320, 375}
4050 {365}
4055 {380}
4056 {391}
4058 {375}
4062 {335, 384}
4063 {324, 335, 363}
4065 {376}
4066 {382}
4068 {365, 377, 381}
4072 {357, 358}
4073 {343, 365, 373}
4074 {344, 366, 370, 373, 375, 390}
4077 {332}
4079 {346, 355, 380}
4082 {343}
4084 {326, 373}
4086 {334, 365, 384}
4088 {376, 391}
4098 {326, 345, 359, 389}
4106 {322}
4107 {340, 343}
4110 {389}
4111 {322, 335, 360, 361, 391}
4114 {389}
4115 {336, 384}
4124 {322, 363, 373}
4131 {391}
4132 {320, 374}
4134 {393}
4136 {322}
4137 {386}
4138 {322, 342, 365}
4139 {326}
4140 {389, 391}
4143 {340, 354, 362, 364, 387}
4144 {335}
4145 {338, 358, 377, 383, 389}
4146 {332}
4147 {332}
4148 {389}
4156 {373}
4159 {331}
4160 {328}
4168 {353}
4169 {367}
4173 {329, 383, 391}
4178 {318}
4180 {391}
4181 {366}
4183 {371}
4184 {375}
4189 {323}
4190 {338, 351, 359, 374, 376}
4194 {330, 336, 354, 366, 376, 384}
4195 {330, 376, 391}
4205 {375}
4209 {326}
4210 {337, 343, 391}
4213 {330, 391}
4217 {389}
4219 {385}
4220 {322, 382}
4223 {348, 358, 367, 371, 382}
4224 {335}
4228 {317, 333}
4229 {326, 337, 359, 366}
4240 {375}
4241 {347, 384}
4242 {330, 345, 361, 384}
4244 {326, 330, 345, 359, 361, 384}
4245 {349}
4246 {345}
4247 {330}
4248 {330, 361, 384}
4249 {361, 384}
4250 {330, 335, 384}
4251 {330}
4254 {326}
4259 {318, 326, 328, 361}
4262 {345}
4263 {326, 328, 330, 345, 359, 361, 384}
4267 {330, 361}
4268 {362, 368}
4272 {343, 361}
4282 {345, 384}
4284 {336}
4285 {330, 345, 353, 359, 366, 384}
4286 {381}
4287 {335, 344, 370}
4289 {349, 366}
4290 {330, 361}
4293 {345, 359}
4294 {321, 324, 332, 336, 337, 359, 384}
4295 {345, 384}
4296 {330, 345, 361, 372}
4297 {330, 345, 359, 361, 384}
4298 {330, 345, 359, 361, 384}
4299 {335, 359, 384}
4300 {330, 361, 384}
4301 {343}
4302 {330, 384}
4303 {319, 369, 384}
4304 {361}
4307 {335, 375}
4309 {361}
4310 {330, 359}
4311 {328, 330}
4312 {384}
4313 {324}
4316 {324}
4319 {346}
4320 {326, 349, 362, 384}
4322 {331, 369}
4327 {324}
4328 {378}
4333 {345}
4334 {378}
4338 {331, 359}
4344 {374}
4345 {371}
4355 {367, 373}
4360 {354}
4367 {343}
4370 {327, 361, 367, 372}
4372 {332, 365}
4374 {365}
4375 {365}
4376 {365}
4377 {339}
4378 {365}
4379 {318, 361, 379}
4380 {365}
4381 {336, 339, 365}
4382 {365}
4383 {365}
4384 {365}
4385 {365}
4386 {343, 365}
4388 {328, 362, 365}
4392 {365}
4393 {365}
4394 {365}
4395 {352, 365, 391}
4396 {365, 376}
4397 {365}
4398 {365}
4399 {339, 365}
4400 {365, 388}
4402 {338, 352, 365, 381}
4403 {365, 380, 381}
4404 {365}
4405 {365}
4406 {365}
4407 {365}
4408 {318, 365}
4409 {365}
4410 {365}
4411 {365}
4412 {365}
4413 {365}
4415 {365}
4416 {365}
4417 {365}
4418 {365}
4419 {348}
4421 {336, 365}
4422 {346, 365}
4424 {357}
4425 {354}
4435 {361}
4440 {376}
4441 {360}
4442 {360}
4447 {377}
4448 {331, 376}
4450 {373}
4451 {360}
4452 {319, 346, 355, 361, 388}
4453 {320, 323, 341, 353}
4456 {356}
4457 {360}
4459 {374}
4461 {384}
4463 {348, 366, 392}
4464 {323, 349, 369, 374}
4465 {375}
4466 {393}
4470 {327, 330}
4471 {377}
4473 {331}
4479 {319, 331}
4484 {318, 321, 322, 326, 336, 353, 358, 391}
4485 {391}
4486 {358, 366}
4491 {350}
4495 {320, 367}
4503 {328, 334, 381}
4504 {328, 334, 381}
4507 {362}
4508 {372, 376, 388, 391}
4512 {354}
4516 {317, 333, 352, 387}
4517 {322, 323, 337, 339, 366, 380, 390}
4519 {338, 358, 377}
4523 {361, 386}
4525 {335}
4528 {322}
4534 {334}
4536 {335}
4537 {317, 333, 354, 391}
4543 {326}
4544 {331, 349}
4546 {376}
4551 {354, 371}
4555 {318, 358, 371, 376}
4556 {371}
4557 {325, 335, 376, 378}
4559 {339}
4566 {322}
4575 {354}
4576 {371}
4579 {360}
4580 {326}
4582 {354}
4585 {357, 362, 372}
4587 {342}
4593 {382}
4596 {363}
4598 {381}
4602 {324}
4604 {384, 391}
4605 {322, 336}
4606 {389}
4607 {322, 376, 391}
4611 {391}
4612 {329}
4614 {391}
4615 {322}
4616 {322}
4619 {355}
4620 {352, 384}
4622 {331, 341, 351, 372}
4625 {322, 358}
4630 {329}
4631 {338}
4637 {369}
4642 {362}
4644 {369}
4646 {357}
4647 {327, 369}
4648 {319, 331, 334, 349, 372, 384}
4660 {327}
4661 {322}
4662 {340, 377}
4663 {330, 345, 359, 384}
4664 {324}
4665 {344, 370, 381, 392}
4666 {389}
4669 {329}
4676 {336}
4678 {371}
4680 {321, 344, 349, 370}
4681 {378}
4682 {345, 359}
4688 {319, 332, 334, 369}
4689 {328, 374}
4691 {356}
4693 {356}
4695 {356}
4697 {356}
4698 {352}
4702 {338}
4709 {360, 374, 388}
4712 {324, 330}
4716 {386}
4717 {356, 358}
4720 {354}
4725 {328, 339}
4727 {343, 378}
4728 {322}
4729 {344, 360, 367, 369, 370}
4731 {324, 356}
4734 {319, 336, 369}
4737 {321}
4746 {346}
4747 {320}
4751 {368}
4752 {340}
4753 {327}
4756 {336}
4758 {368}
4759 {320}
4761 {324, 338, 384}
4762 {351, 358}
4764 {368}
4765 {368}
4768 {376}
4769 {322}
4772 {371, 391}
4774 {336, 363}
4776 {389}
4778 {321, 384}
4780 {320}
4782 {357}
4784 {340}
4787 {391}
4788 {324, 348}
4789 {383}
4790 {359, 381, 384, 389, 392}
4792 {323}
4794 {322, 354}
4796 {334, 383}
4801 {381}
4806 {321, 322}
4808 {343, 366}
4809 {325, 351, 376, 383, 386}
4812 {360}
4818 {319}
4819 {389}
4824 {326, 328, 346, 355, 362, 363, 389}
4827 {356}
4829 {320}
4840 {342}
4847 {330}
4850 {362}
4861 {318, 328}
4865 {377}
4866 {388}
4868 {328}
4880 {389}
4882 {320, 336, 337, 346, 350, 355, 379}
4897 {372, 373}
4903 {343, 381}
4904 {322}
4905 {354}
4906 {328, 333, 335, 343, 358, 368, 376}
4907 {333}
4910 {391}
4913 {330}
4918 {389}
4920 {383, 388}
4923 {322, 385}
4926 {343, 374, 382}
4929 {358}
4935 {328, 386}
4937 {323}
4940 {371}
4945 {321, 392}
4947 {318, 391}
4948 {352, 364}
4952 {322}
4954 {318}
4955 {386}
4956 {370}
4963 {391}
4964 {377}
4967 {319, 371}
4983 {360}
4987 {327}
5005 {369}
5007 {319, 354, 371}
5009 {327}
5011 {322, 382}
5013 {393}
5024 {335}
5025 {352, 377}
5030 {322, 377}
5034 {344, 356}
5038 {328, 340}
5049 {382}
5058 {319, 321, 328, 338, 384}
5060 {322}
5065 {324, 343, 344, 370, 379}
5067 {336}
5070 {384}
5071 {350}
5073 {329}
5074 {366, 376}
5075 {319}
5083 {336}
5093 {327, 360}
5096 {350, 388}
5098 {391}
5106 {318, 358, 371, 378, 385, 386}
5107 {389}
5110 {371, 388}
5111 {357, 385}
5131 {375}
5135 {375}
5141 {376}
5142 {322}
5151 {368}
5155 {357, 358}
5162 {350, 359, 388}
5166 {376}
5169 {321, 330}
5170 {389}
5171 {333, 338}
5175 {352, 362}
5180 {335}
5183 {324}
5184 {328, 388}
5187 {371}
5190 {383, 384}
5191 {366}
5196 {322}
5197 {386}
5199 {363}
5200 {363}
5201 {371}
5205 {344}
5211 {385}
5212 {353, 375, 380}
5214 {335}
5216 {335}
5217 {392}
5222 {321, 377}
5224 {323}
5236 {335, 391}
5240 {369}
5243 {360, 389}
5245 {335, 350}
5250 {389}
5255 {366}
5257 {380, 387, 388}
5262 {359}
5264 {369}
5265 {380}
5270 {343}
5271 {339}
5277 {378}
5278 {392}
5290 {330, 361}
5292 {343}
5294 {357, 380}
5303 {336}
5309 {324, 328, 349, 384}
5311 {319, 374, 391}
5313 {336}
5314 {336, 385, 393}
5317 {365}
5330 {351, 356}
5337 {317, 358}
5347 {358}
5354 {318}
5355 {319}
5356 {360}
5358 {328, 362, 384}
5361 {318, 326, 346, 349, 354, 373, 374, 376, 381}
5363 {389}
5364 {380}
5365 {358}
5366 {319, 351}
5369 {336, 374, 389}
5370 {328, 331}
5374 {358, 375, 391}
5377 {376}
5378 {358, 391}
5383 {386}
5384 {386}
5387 {355}
5390 {345, 366}
5396 {320}
5398 {370}
5399 {333, 353}
5400 {320, 330, 392}
5403 {330, 376, 390}
5404 {380}
5406 {318, 320}
5411 {320, 377}
5412 {386}
5413 {359, 376, 382}
5414 {358}
5423 {320, 324}
5424 {320}
5425 {320}
5426 {384}
5429 {320, 387}
5431 {349}
5434 {332, 364}
5435 {320}
5437 {322, 337, 373, 380, 389, 393}
5442 {336, 362}
5446 {389}
5447 {381}
5448 {325, 343}
5450 {382}
5456 {376}
5457 {321, 375}
5458 {324, 328, 338, 358, 386}
5460 {327}
5465 {320}
5468 {353}
5470 {320, 342}
5471 {339, 391}
5476 {389}
5478 {331, 354}
5480 {361}
5482 {389}
5493 {331}
5494 {331}
5495 {331}
5496 {331, 364}
5497 {331}
5498 {331, 391}
5499 {331, 354}
5505 {333, 377}
5509 {349, 371}
5511 {334}
5512 {331, 334}
5514 {334}
5518 {334, 343}
5519 {331, 384}
5521 {391}
5523 {330}
5525 {318}
5528 {339}
5534 {343, 391}
5535 {363}
5539 {333}
5548 {358}
5549 {363}
5550 {331, 354}
5552 {334, 356}
5560 {369}
5564 {318, 338, 359}
5567 {329, 366, 388, 389}
5575 {360}
5580 {354, 358}
5593 {322, 350, 380, 388, 389}
5597 {336}
5612 {372}
5613 {377, 393}
5614 {360}
5616 {353}
5618 {367}
5620 {332, 380}
5621 {331, 332, 380}
5625 {334, 348}
5643 {320, 364}
5647 {322, 345, 384}
5649 {340, 375}
5651 {354}
5652 {354}
5662 {318, 322, 335, 375, 376}
5666 {326}
5667 {377}
5671 {322}
5672 {325, 352, 358, 360}
5673 {375}
5676 {387}
5684 {360, 392}
5688 {389}
5691 {391}
5693 {338}
5697 {330, 383}
5702 {319}
5704 {322, 337, 391}
5705 {341, 389}
5716 {367}
5724 {386}
5725 {358, 372, 381}
5726 {391}
5731 {338}
5736 {342}
5750 {338, 384}
5756 {334, 344, 364, 370}
5762 {391}
5763 {335, 336, 392}
5766 {324, 337}
5767 {344, 370}
5770 {321, 337, 344, 364}
5774 {322}
5775 {338}
5784 {336, 357, 376}
5787 {360}
5788 {381}
5789 {321, 354}
5796 {356}
5799 {391}
5800 {323, 339}
5801 {385}
5809 {357}
5812 {332}
5837 {328}
5838 {322}
5841 {342}
5847 {352}
5848 {322}
5849 {320, 358}
5862 {321, 342, 363}
5869 {355}
5871 {386}
5872 {371}
5875 {324, 338, 381}
5881 {390}
5884 {330, 354, 372}
5885 {383}
5886 {373}
5893 {341}
5898 {329}
5899 {329}
5903 {334}
5909 {377}
5911 {343}
5913 {321, 322}
5914 {367}
5918 {362}
5926 {331, 334, 378, 384}
5928 {346}
5933 {380}
5936 {353}
5937 {357}
5939 {363}
5943 {369}
5945 {367}
5947 {321}
5950 {324, 337, 342, 355, 390}
5957 {376}
5958 {322}
5961 {363}
5963 {363}
5967 {364}
5968 {364}
5972 {334}
5973 {366}
5974 {381}
5976 {358, 364}
5978 {352, 376}
5980 {376}
5984 {387}
5985 {343, 376}
5990 {350, 388, 392}
5991 {388}
5993 {362}
5994 {367}
5995 {345}
5997 {356, 369}
6004 {374}
6007 {369}
6015 {363}
6025 {319, 334, 351}
6026 {318, 328}
6027 {378}
6033 {325}
6039 {375}
6048 {330, 391}
6056 {336, 343}
6063 {358}
6068 {335}
6071 {375}
6073 {385}
6076 {375}
6084 {335}
6086 {375}
6095 {348}
6107 {381}
6108 {323, 346}
6109 {378}
6110 {348, 350, 392}
6113 {323, 367, 374}
6115 {357}
6116 {371}
6127 {354}
6133 {326, 334}
6134 {349}
6137 {320}
6141 {330, 340, 388}
6142 {326}
6145 {390}
6146 {390}
6147 {337, 366, 369}
6153 {354}
6155 {377}
6157 {343}
6163 {386}
6170 {345}
6174 {343}
6192 {374}
6195 {344, 370}
6197 {338, 382}
6198 {330, 387}
6204 {325}
6205 {384}
6208 {343}
6209 {371}
6210 {352}
6214 {336}
6215 {370}
6216 {370}
6221 {335}
6233 {362}
6236 {382}
6241 {356}
6242 {375}
6247 {353}
6257 {335}
6258 {351}
6259 {344, 370}
6266 {380}
6269 {344, 370, 387}
6292 {338, 363}
6308 {393}
6309 {360}
6310 {317, 333}
6316 {375}
6318 {348}
6323 {361}
6324 {319}
6328 {380}
6335 {352}
6336 {352}
6337 {352, 380}
6344 {334, 376}
6345 {323, 352, 380}
6346 {328}
6350 {326, 361}
6356 {372}
6357 {346, 355, 365, 377}
6358 {333, 349}
6359 {380}
6361 {339, 362}
6362 {323, 344, 370}
6363 {344, 350, 370, 392}
6364 {366}
6365 {330}
6366 {371}
6368 {371}
6376 {322, 331, 332, 356, 389}
6379 {327}
6380 {321, 324, 391}
6381 {346, 355, 371}
6384 {335}
6398 {341, 369}
6400 {358}
6401 {338}
6402 {366}
6403 {366}
6404 {327}
6411 {380}
6418 {352}
6419 {359}
6420 {375}
6423 {358}
6424 {358}
6426 {338}
6427 {358}
6433 {375}
6434 {358, 391}
6435 {326, 348, 366}
6441 {378}
6442 {324}
6443 {368}
6447 {387}
6452 {317, 333}
6453 {333}
6475 {390}
6477 {322, 380}
6493 {369}
6495 {332}
6496 {375}
6500 {361}
6501 {348}
6502 {332, 369}
6503 {372}
6505 {363}
6507 {381}
6509 {368}
6511 {380}
6512 {380}
6513 {392}
6514 {363}
6518 {322}
6522 {321, 332, 362, 364, 381}
6524 {383}
6525 {345, 376}
6529 {391}
6535 {339}
6544 {322, 350, 370}
6548 {334, 373}
6566 {318, 335, 348, 376}
6568 {389}
6577 {318, 322, 364, 371}
6578 {324, 336}
6581 {346, 350, 355, 380}
6582 {342, 360}
6585 {362}
6588 {335}
6589 {322}
6599 {372}
6602 {363}
6608 {358}
6610 {374}
6616 {321, 334, 351, 367, 386}
6617 {326}
6626 {353, 359, 369}
6627 {342, 348}
6628 {373, 384}
6630 {334}
6631 {328}
6634 {365}
6637 {336}
6643 {380}
6644 {323, 387}
6648 {366}
6649 {334}
6652 {380}
6660 {348}
6662 {339}
6672 {373}
6675 {325, 383, 387}
6680 {318, 369}
6681 {377}
6700 {358}
6706 {339, 374}
6708 {382}
6711 {330, 361}
6713 {361}
6714 {327, 384}
6720 {328}
6723 {361}
6725 {358, 393}
6727 {345, 359}
6730 {384}
6734 {328, 330, 345, 384}
6735 {371}
6743 {319, 343, 373}
6744 {352, 380}
6747 {320}
6759 {358}
6764 {358, 389}
6768 {320, 327, 354, 385}
6772 {379}
6774 {375}
6777 {336}
6778 {338}
6784 {372}
6785 {360}
6786 {333, 373}
6791 {348, 350, 366, 388, 392}
6797 {322, 359}
6809 {358}
6813 {318, 333, 363, 376}
6824 {332}
6828 {360}
6831 {339, 348, 379, 391}
6834 {378}
6840 {328, 336}
6842 {370}
6847 {384}
6849 {338}
6850 {374, 379}
6873 {322}
6874 {391}
6876 {320, 387}
6886 {322}
6887 {318, 384}
6891 {366}
6893 {341}
6904 {367, 372}
6911 {369}
6915 {387}
6916 {323}
6920 {362}
6935 {368, 377}
6950 {350, 392}
6952 {368}
6956 {336}
6958 {369}
6961 {337, 366, 391}
6965 {393}
6975 {338}
6989 {328}
7010 {391}
7012 {322}
7020 {391}
7035 {336, 343}
7050 {393}
7053 {385}
7054 {385}
7055 {385}
7056 {385}
7057 {385}
7060 {375, 385}
7061 {385}
7062 {385}
7063 {322, 385}
7064 {385}
7065 {385}
7070 {323}
7073 {385}
7074 {385}
7075 {385}
7076 {385}
7084 {353}
7090 {331, 342, 359}
7095 {389}
7097 {366}
7100 {359}
7119 {381}
7121 {380}
7122 {359, 392}
7132 {332, 362}
7133 {345, 372}
7135 {322, 333, 383}
7136 {381}
7142 {332}
7145 {358}
7148 {321, 365}
7150 {359}
7153 {362, 367}
7154 {374}
7162 {321}
7169 {383}
7177 {323, 342}
7180 {377, 391}
7184 {318, 324, 332}
7187 {333, 340}
7192 {341}
7193 {330}
7194 {337, 381}
7199 {331}
7200 {329, 351, 373}
7203 {328, 368}
7204 {379}
7208 {379, 382}
7209 {325}
7210 {319, 343, 353, 379}
7211 {381}
7214 {393}
7217 {375}
7225 {326}
7226 {321}
7227 {330}
7229 {366}
7230 {362}
7232 {355}
7239 {343}
7242 {323}
7244 {323, 337, 364}
7245 {323, 337, 364}
7251 {319}
7253 {364}
7254 {364, 387}
7255 {364}
7256 {364}
7262 {379, 391}
7265 {341, 391}
7269 {350}
7270 {364, 376, 381}
7275 {324, 327}
7279 {341, 379, 391}
7291 {375}
7292 {375}
7293 {375}
7294 {375}
7295 {375}
7296 {375}
7297 {375}
7298 {375}
7299 {375}
7300 {375}
7301 {375}
7302 {375, 376}
7303 {375}
7304 {375}
7305 {375}
7306 {323, 375}
7307 {375}
7308 {375}
7309 {375}
7310 {375}
7311 {375}
7312 {375}
7313 {375}
7314 {375}
7315 {375}
7316 {375}
7317 {375}
7318 {375}
7319 {375}
7320 {375}
7321 {375}
7322 {375}
7323 {375}
7324 {375}
7325 {375}
7326 {375}
7327 {375}
7328 {375}
7329 {375}
7330 {375}
7331 {375}
7332 {375}
7333 {375}
7334 {375}
7335 {375}
7336 {375}
7337 {375}
7338 {343, 375}
7339 {375}
7346 {319}
7355 {321, 384}
7361 {393}
7365 {332, 367, 384}
7369 {349}
7375 {322}
7377 {383}
7385 {362, 366}
7391 {376}
7392 {327}
7395 {317, 333}
7399 {345, 346, 355}
7400 {341}
7402 {363}
7405 {345}
7407 {374}
7408 {335}
7412 {346, 355, 367, 372}
7413 {372}
7414 {372}
7420 {386}
7422 {324, 331}
7428 {372}
7438 {386, 389}
7446 {369, 381}
7448 {384}
7450 {341, 364}
7455 {341, 346, 378}
7457 {338}
7462 {381}
7465 {376}
7468 {333}
7473 {331}
7476 {322, 391}
7478 {352, 373}
7480 {363}
7484 {328}
7506 {369}
7518 {338}
7525 {387}
7531 {392}
7539 {343}
7541 {352}
7542 {352}
7543 {352}
7544 {352}
7545 {352}
7546 {352}
7547 {352}
7548 {352}
7549 {352}
7550 {352, 387}
7551 {338, 352}
7552 {352}
7553 {352, 356, 388}
7554 {352}
7555 {352}
7556 {352}
7557 {352}
7558 {352}
7559 {352, 377}
7560 {352}
7561 {352}
7562 {352}
7569 {321}
7578 {355}
7589 {339}
7590 {339, 356}
7591 {339, 361}
7592 {339}
7593 {339}
7594 {339}
7595 {339}
7596 {339}
7597 {339, 343}
7598 {339}
7600 {339}
7601 {339}
7602 {339}
7603 {339}
7604 {339, 343}
7605 {339}
7606 {339}
7607 {339}
7608 {339}
7610 {339}
7611 {339}
7612 {339}
7613 {339, 342, 343}
7615 {339}
7616 {339}
7617 {326, 331, 337, 342}
7619 {358, 376}
7653 {333}
7664 {319}
7667 {376}
7668 {376}
7684 {381}
7687 {330}
7699 {331, 359, 386}
7709 {392}
7712 {392}
7720 {330, 361, 384}
7725 {323, 376}
7727 {325, 361, 382}
7728 {391}
7736 {379}
7739 {353}
7749 {342, 345, 351}
7759 {360}
7764 {369, 389}
7769 {322}
7772 {390}
7775 {357}
7779 {322}
7786 {322, 327}
7805 {331}
7806 {331}
7809 {328}
7811 {386}
7812 {380}
7821 {336}
7823 {360}
7825 {380}
7834 {353}
7836 {335, 355}
7838 {324}
7844 {387}
7846 {344, 370}
7849 {330, 336}
7851 {361}
7853 {361}
7854 {361}
7856 {330, 384}
7861 {326}
7875 {349}
7877 {358}
7881 {383}
7884 {341}
7885 {323, 335}
7890 {329}
7891 {358}
7919 {393}
7929 {391}
7932 {327}
7956 {319, 389}
7963 {357}
7974 {349}
7986 {326, 345, 359}
7992 {367}
8000 {348, 350, 369, 382}
8006 {361, 369}
8012 {377}
8015 {329, 383}
8020 {330}
8021 {333}
8027 {383}
8032 {389}
8033 {322}
8054 {338}
8056 {368, 376}
8065 {362}
8069 {379, 391}
8070 {356}
8072 {360}
8076 {319, 334, 374}
8077 {336}
8079 {341}
8082 {357}
8083 {319}
8093 {329}
8094 {334}
8113 {360, 365}
8114 {377}
8121 {354}
8122 {376}
8124 {379}
8136 {340, 361}
8137 {328}
8138 {334}
8140 {358}
8141 {332}
8142 {323}
8148 {362}
8159 {388}
8162 {358}
8174 {328}
8179 {370}
8183 {359}
8190 {332}
8195 {327}
8196 {353}
8199 {329, 331}
8202 {318}
8206 {324, 325, 335, 349}
8212 {344, 370, 374}
8226 {358}
8229 {344, 370}
8230 {369}
8233 {328}
8275 {356}
8276 {383}
8277 {331, 349}
8278 {324, 366}
8284 {343, 358, 366, 384}
8290 {334}
8292 {328}
8295 {324, 350}
8299 {341}
8317 {358, 369}
8319 {337}
8321 {318}
8339 {354}
8345 {345, 359}
8350 {357}
8367 {388}
8373 {321, 372, 374, 377}
8379 {386}
8381 {366, 376}
8383 {376}
8384 {338, 344, 370}
8386 {376}
8414 {346, 355, 372}
8417 {359, 384}
8419 {351}
8421 {351}
8422 {325, 374}
8425 {338}
8427 {376}
8430 {391}
8432 {318}
8444 {343}
8454 {338, 391}
8481 {371, 391}
8495 {362, 376, 391}
8503 {350, 391}
8520 {393}
8524 {386, 391}
8539 {322}
8544 {348}
8546 {335, 376}
8553 {323}
8558 {322}
8565 {330}
8566 {342, 359}
8576 {359}
8577 {324}
8578 {322}
8592 {389}
8599 {369}
8603 {359, 389}
8610 {323, 391}
8614 {333}
8618 {324, 389}
8625 {337}
8631 {349}
8633 {392}
8639 {328}
8646 {322}
8653 {366}
8656 {350, 376, 388}
8663 {318, 369}
8670 {348}
8688 {358}
8695 {327}
8698 {326}
8706 {363, 381, 383}
8712 {346, 355}
8717 {376}
8722 {318}
8724 {353}
8726 {391}
8729 {389}
8731 {322, 336}
8746 {325}
8752 {344}
8762 {358}
8767 {371}
8768 {336, 354, 374}
8773 {325, 337, 374}
8774 {325, 374}
8777 {378}
8779 {325}
8787 {387}
8793 {326}
8794 {331}
8800 {361}
8802 {345, 346, 355}
8811 {384}
8815 {382}
8819 {382}
8823 {382}
8829 {322}
8831 {334}
8836 {318}
8844 {318, 336}
8849 {343}
8856 {348}
8864 {366}
8869 {374, 376}
8870 {374}
8871 {374}
8872 {374}
8873 {374}
8875 {374, 384}
8876 {374}
8877 {358, 384, 386}
8878 {344, 370}
8879 {367}
8881 {374, 392}
8882 {374}
8883 {374}
8890 {319}
8900 {384}
8907 {322, 389}
8920 {358}
8923 {348, 350, 388}
8926 {348, 350, 388, 392}
8930 {388}
8931 {350}
8932 {348, 350, 388, 392}
8934 {350, 392}
8935 {350}
8936 {350, 388}
8938 {337}
8942 {350, 388}
8943 {350, 388}
8944 {376}
8984 {378}
8988 {376}
8990 {343}
8993 {364}
8994 {381}
9007 {348}
9033 {389}
9037 {346}
9039 {337}
9041 {358}
9043 {374}
9047 {380}
9048 {366}
9056 {343}
9074 {335, 367}
9075 {346, 355}
9084 {323, 348}
9090 {323, 334}
9091 {341}
9095 {341}
9099 {367}
9103 {354}
9104 {366}
9112 {323}
9116 {323}
9122 {377}
9131 {389}
9132 {351}
9144 {366}
9147 {322}
9164 {326}
9166 {389}
9168 {371, 393}
9175 {371}
9176 {371}
9177 {371}
9185 {358}
9189 {354}
9215 {366, 369}
9226 {358}
9227 {319}
9234 {343}
9236 {358}
9238 {389}
9255 {387}
9257 {391}
9268 {332}
9276 {381}
9277 {343, 389}
9285 {358}
9287 {383}
9299 {389}
9309 {319}
9317 {326}
9322 {321, 364}
9323 {325}
9359 {371, 378}
9366 {322}
9367 {335}
9368 {335}
9369 {346, 355}
9380 {335}
9381 {376}
9390 {373}
9401 {337}
9407 {326}
9412 {360}
9415 {364, 384}
9430 {322}
9435 {341, 358}
9442 {393}
9445 {391}
9455 {322, 329}
9465 {379}
9471 {344, 370}
9472 {344, 370}
9476 {331}
9492 {378}
9512 {366}
9543 {389}
9545 {371}
9550 {332, 356, 366}
9555 {352}
9573 {363}
9578 {336}
9586 {369}
9588 {356, 387}
9595 {343}
9599 {335, 391}
9600 {391}
9603 {391}
9604 {391}
9607 {388}
9610 {391}
9613 {342}
9620 {341, 391}
9630 {343}
9642 {391}
9646 {388}
9648 {320}
9650 {391}
9660 {346, 355}
9666 {391}
9667 {391}
9672 {391}
9673 {391}
9674 {391}
9675 {391}
9680 {347}
9691 {326}
9694 {348, 372}
9695 {391}
9705 {389}
9711 {335, 371}
9715 {368}
9719 {318}
9727 {318, 336, 362, 391}
9731 {319}
9737 {379}
9749 {380}
9751 {389}
9768 {387}
9770 {345, 359}
9780 {393}
9781 {326}
9788 {322}
9790 {379}
9797 {338, 390}
9820 {353}
9829 {376}
9837 {322, 323, 337}
9842 {376}
9845 {331}
9852 {334, 367}
9853 {334}
9856 {322}
9858 {381}
9859 {384}
9862 {368}
9864 {319, 351}
9865 {319, 351}
9866 {319, 351}
9867 {360}
9868 {374}
9869 {366}
9871 {334}
9874 {330, 391}
9884 {351}
9888 {358}
9905 {336}
9908 {362}
9914 {378}
9915 {372}
9922 {372}
9927 {328, 367}
9950 {336}
9964 {322}
9979 {322}
9987 {329}
9994 {360, 377}
10011 {331, 391}
10016 {318, 360}
10018 {376}
10042 {327}
10045 {388}
10067 {371}
10068 {331}
10070 {362}
10096 {380}
10098 {358}
10102 {322}
10114 {344, 370}
10121 {371}
10122 {321}
10138 {376}
10156 {320}
10158 {340}
10159 {320}
10160 {320}
10161 {320}
10162 {320}
10163 {320, 378}
10164 {320}
10165 {320}
10166 {320}
10167 {320}
10168 {320}
10174 {334, 354}
10176 {384}
10177 {384}
10178 {376}
10183 {376}
10202 {389}
10206 {369}
10207 {331, 369}
10225 {351, 389}
10226 {389}
10236 {358, 381, 389}
10240 {342, 343}
10250 {328}
10251 {358}
10256 {378}
10257 {378}
10267 {391}
10271 {380}
10274 {318}
10281 {371, 382}
10289 {373}
10295 {380}
10299 {323, 348, 377}
10300 {335}
10303 {386}
10320 {335, 384}
10323 {361}
10337 {349}
10341 {338}
10365 {328, 384}
10379 {344}
10385 {391}
10388 {349}
10402 {335}
10405 {336, 368}
10409 {336}
10416 {377}
10417 {377}
10430 {325}
10434 {372}
10439 {323}
10444 {318, 340, 368}
10457 {327, 343}
10460 {340}
10464 {369, 390}
10471 {327}
10472 {327}
10473 {327}
10474 {327}
10475 {327}
10476 {318, 324, 327, 358, 378}
10477 {327}
10478 {327}
10479 {327}
10480 {327}
10481 {327}
10482 {327}
10483 {327}
10484 {327}
10485 {327}
10486 {327, 333}
10487 {327}
10488 {327}
10489 {327}
10498 {318, 358}
10514 {391}
10518 {333}
10542 {340, 393}
10550 {380}
10552 {357}
10558 {389}
10563 {332}
10575 {336}
10601 {360}
10608 {370}
10615 {324}
10624 {326}
10639 {340, 359}
10652 {382}
10653 {350}
10655 {376}
10659 {382}
10675 {376}
10681 {321}
10688 {362}
10695 {367}
10696 {328}
10699 {323, 342}
10723 {383}
10730 {322, 366}
10732 {372}
10751 {391}
10761 {372}
10770 {391}
10797 {322}
10814 {319}
10820 {367}
10821 {391}
10825 {318, 389}
10830 {318}
10831 {318}
10832 {318}
10833 {318, 362}
10834 {318}
10836 {318}
10837 {318}
10838 {318}
10839 {318, 378}
10840 {318}
10841 {318}
10842 {318}
10843 {318}
10845 {318}
10847 {318}
10848 {318}
10849 {318}
10850 {318}
10851 {318}
10852 {318}
10853 {318}
10854 {318}
10855 {318}
10856 {318}
10857 {318}
10858 {318}
10860 {369}
10866 {369}
10881 {335}
10882 {326}
10887 {391}
10890 {387}
10896 {350, 366, 367}
10903 {322, 391}
10916 {348, 350}
10917 {372}
10924 {366}
10939 {386}
10949 {391}
10953 {317, 333}
10957 {386}
10968 {376}
10971 {368}
11015 {328}
11044 {317, 333}
11058 {371, 389}
11064 {358}
11074 {361}
11076 {335, 383}
11087 {319}
11090 {349}
11105 {317}
11107 {357}
11121 {359}
11126 {321}
11127 {345, 359}
11137 {362}
11139 {335}
11143 {391}
11154 {382}
11156 {373}
11159 {325}
11186 {389}
11188 {335}
11198 {336, 357}
11200 {323}
11202 {385, 393}
11214 {319}
11217 {350}
11221 {319, 322, 335, 356}
11223 {335}
11233 {330}
11235 {357}
11242 {323, 324}
11245 {360}
11259 {389}
11261 {356}
11265 {371}
11273 {322}
11283 {348, 392}
11287 {329}
11292 {358}
11297 {377}
11307 {384}
11341 {387}
11367 {348}
11373 {378}
11403 {338}
11406 {364}
11410 {382}
11419 {393}
11421 {360}
11429 {373}
11430 {337}
11479 {343, 366}
11488 {386}
11503 {391}
11512 {391}
11527 {386, 391}
11551 {388}
11564 {367}
11577 {366}
11578 {376}
11601 {364, 388}
11603 {369}
11605 {332}
11609 {337, 364}
11610 {338}
11616 {358}
11621 {381, 384}
11628 {381}
11662 {391}
11664 {361}
11668 {326}
11672 {341}
11679 {328}
11704 {368}
11707 {368}
11711 {341, 363}
11724 {328}
11735 {322}
11750 {376}
11780 {393}
11791 {393}
11828 {358}
11845 {389}
11850 {333}
11876 {360}
11884 {376}
11886 {350}
11893 {357, 377}
11896 {374}
11917 {326, 332, 360}
11921 {317, 333}
11924 {333}
11925 {333}
11926 {333}
11927 {333}
11928 {343}
11929 {333}
11930 {333}
11932 {317}
11933 {317, 333}
11934 {317, 333}
11935 {317, 333}
11936 {317, 333}
11937 {317, 332, 333}
11938 {318}
11939 {318}
11940 {319, 372}
11941 {319}
11942 {319}
11943 {319}
11944 {319}
11945 {319, 331}
11946 {319, 331}
11947 {319}
11948 {319}
11949 {319}
11950 {319, 334}
11951 {319, 334}
11952 {319}
11953 {319}
11954 {319}
11955 {319}
11956 {319}
11957 {319}
11958 {319}
11959 {319}
11960 {320}
11961 {321, 377}
11962 {321, 377}
11963 {321}
11964 {321, 370}
11965 {321}
11966 {321, 377}
11967 {321}
11968 {321}
11969 {321}
11970 {321}
11971 {321}
11972 {321}
11973 {321}
11974 {321, 331, 376}
11975 {321, 377}
11976 {321}
11977 {322}
11978 {322}
11979 {322}
11980 {322}
11981 {322}
11982 {322}
11983 {322}
11984 {322}
11985 {322}
11986 {322}
11987 {322}
11988 {322}
11989 {322}
11990 {322}
11991 {322}
11992 {322}
11993 {322}
11994 {322}
11995 {322}
11996 {322}
11997 {322}
11998 {322, 380}
11999 {322}
12000 {322}
12001 {322}
12002 {322}
12003 {322}
12004 {322}
12005 {322}
12006 {322}
12007 {322}
12008 {322}
12009 {322}
12010 {322}
12011 {322}
12012 {322, 363}
12013 {322}
12014 {322, 378}
12015 {322, 372}
12016 {322}
12017 {322}
12018 {322}
12019 {322}
12020 {322}
12021 {322}
12022 {322}
12023 {322}
12024 {322}
12025 {322}
12026 {322}
12027 {322}
12028 {322}
12029 {322}
12030 {322}
12031 {322}
12032 {323}
12033 {323}
12034 {323}
12035 {323}
12036 {323}
12037 {323}
12038 {323}
12039 {323}
12040 {323}
12041 {323}
12042 {323}
12043 {323}
12044 {323}
12045 {323, 368}
12046 {323}
12047 {323, 341}
12048 {323}
12049 {323, 341}
12050 {323, 341}
12051 {323, 341}
12052 {323, 341}
12053 {323}
12054 {323}
12055 {323}
12056 {323}
12057 {323}
12058 {323}
12059 {323}
12060 {323}
12061 {324}
12062 {324}
12063 {324, 332}
12064 {324}
12065 {324}
12066 {324}
12067 {324}
12068 {324}
12069 {324}
12070 {324}
12071 {324}
12072 {325}
12073 {325}
12074 {325}
12075 {325}
12076 {325, 374}
12077 {325}
12078 {325}
12079 {325}
12080 {325}
12081 {326}
12082 {326}
12083 {326}
12084 {326}
12085 {326, 389}
12086 {326, 328}
12087 {326}
12088 {326}
12089 {326}
12090 {326}
12091 {326}
12092 {326}
12093 {326}
12094 {326}
12095 {326}
12096 {326}
12097 {326}
12098 {326}
12099 {326}
12100 {326, 353}
12101 {326}
12102 {326}
12103 {326}
12104 {326}
12105 {326, 356}
12106 {326}
12107 {326}
12108 {328}
12109 {328}
12110 {328}
12111 {328, 346, 351}
12112 {328}
12113 {328}
12114 {328}
12115 {328}
12116 {328}
12117 {328, 381}
12118 {328}
12119 {328}
12120 {328}
12121 {328}
12122 {328}
12123 {328}
12124 {328}
12125 {328}
12126 {328}
12127 {328}
12128 {328, 366}
12129 {328}
12130 {328}
12131 {328}
12132 {328}
12133 {328}
12134 {328}
12135 {328}
12136 {329}
12137 {329}
12138 {329}
12139 {329}
12140 {329, 332, 343}
12141 {329}
12142 {330}
12143 {330}
12144 {330}
12145 {330}
12146 {330}
12147 {330}
12148 {330}
12149 {330}
12150 {330}
12151 {330}
12152 {330, 366}
12153 {330}
12154 {330}
12155 {330}
12156 {330}
12157 {330}
12158 {331}
12159 {331}
12160 {331}
12161 {331}
12162 {331}
12163 {331}
12164 {331}
12165 {331}
12166 {331}
12167 {331}
12168 {331, 377}
12169 {331}
12170 {331}
12171 {331}
12172 {331}
12173 {331}
12174 {331}
12175 {332, 343}
12176 {332, 360}
12177 {332}
12178 {332}
12179 {332}
12180 {332}
12181 {332}
12182 {332}
12183 {332}
12184 {332}
12185 {332}
12186 {332}
12187 {332}
12188 {332}
12189 {332}
12190 {332}
12191 {332}
12192 {332}
12193 {332}
12194 {332}
12195 {332}
12196 {332}
12197 {332}
12198 {332}
12199 {332}
12200 {332}
12201 {332}
12202 {332}
12203 {333}
12204 {333}
12205 {334}
12206 {334}
12207 {334}
12208 {334}
12209 {334}
12210 {334}
12211 {334}
12212 {334}
12213 {334}
12214 {334}
12215 {334}
12216 {334}
12217 {334}
12218 {334}
12219 {334}
12220 {334}
12221 {335}
12222 {335}
12223 {335}
12224 {335}
12225 {335}
12226 {335}
12227 {335}
12228 {335}
12229 {335}
12230 {335, 358}
12231 {335}
12232 {335}
12233 {335}
12234 {335}
12235 {335}
12236 {335}
12237 {335}
12238 {335}
12239 {335}
12240 {335}
12241 {335}
12242 {335}
12243 {335}
12244 {335}
12245 {335}
12246 {335, 384}
12247 {335}
12248 {335}
12249 {335}
12250 {335}
12251 {335}
12252 {335}
12253 {335}
12254 {335}
12255 {335}
12256 {335}
12257 {335}
12258 {335}
12259 {335}
12260 {335}
12261 {335}
12262 {335}
12263 {335}
12264 {336}
12265 {336}
12266 {336}
12267 {336}
12268 {336}
12269 {336}
12270 {336}
12271 {336}
12272 {336}
12273 {336}
12274 {336}
12275 {336}
12276 {336}
12277 {336}
12278 {336}
12279 {336}
12280 {336}
12281 {336}
12282 {336}
12283 {336}
12284 {336}
12285 {336}
12286 {336}
12287 {336}
12288 {336}
12289 {336}
12290 {337}
12291 {337}
12292 {337}
12293 {337}
12294 {337}
12295 {337}
12296 {337}
12297 {337, 364}
12298 {337, 364}
12299 {337}
12300 {337}
12301 {337}
12302 {337}
12303 {338}
12304 {338}
12305 {338}
12306 {338}
12307 {338}
12308 {338}
12309 {338}
12310 {338}
12311 {338}
12312 {338}
12313 {338}
12314 {338}
12315 {338}
12316 {338}
12317 {338}
12318 {338}
12319 {338}
12320 {338}
12321 {338}
12322 {339}
12323 {339}
12324 {339}
12325 {339}
12326 {339}
12327 {339}
12328 {339}
12329 {340}
12330 {340}
12331 {340}
12332 {340}
12333 {340}
12334 {340}
12335 {340}
12336 {341}
12337 {341}
12338 {341}
12339 {341}
12340 {341}
12341 {341}
12342 {341}
12343 {341}
12344 {341}
12345 {341}
12346 {341}
12347 {341}
12348 {341}
12349 {341}
12350 {341}
12351 {341}
12352 {341}
12353 {342}
12354 {342}
12355 {342}
12356 {342}
12357 {342}
12358 {342}
12359 {342, 364}
12360 {342}
12361 {342}
12362 {342}
12363 {342}
12364 {342}
12365 {342, 389}
12366 {342}
12367 {342}
12368 {342}
12369 {343}
12370 {343}
12371 {343}
12372 {343}
12373 {343}
12374 {343}
12375 {343}
12376 {343}
12377 {343}
12378 {343}
12379 {343}
12380 {343}
12381 {343}
12382 {343}
12383 {343}
12384 {343}
12385 {343}
12386 {343}
12387 {343}
12388 {343}
12389 {343}
12390 {343}
12391 {343, 373}
12392 {343}
12393 {343}
12394 {343}
12395 {343}
12396 {344, 370}
12397 {344}
12398 {344, 370}
12399 {344}
12400 {344}
12401 {344, 381}
12402 {344, 370}
12403 {344, 370}
12404 {345, 359}
12405 {345, 359}
12406 {345}
12407 {345}
12408 {345}
12409 {345, 359}
12410 {345}
12411 {345}
12412 {345}
12413 {345}
12414 {345, 359}
12415 {345}
12416 {345}
12417 {346}
12418 {346}
12419 {346, 355}
12420 {346, 355}
12421 {346, 355}
12422 {346, 355}
12423 {346, 355}
12424 {346, 355}
12425 {346, 355}
12426 {346, 355}
12427 {346, 355}
12428 {346, 355}
12429 {346, 355}
12430 {346, 355}
12431 {346, 349, 355, 371}
12432 {346, 355}
12433 {346, 355}
12434 {346}
12435 {347}
12436 {347}
12437 {348}
12438 {348}
12439 {348, 372}
12440 {348, 350}
12441 {348}
12442 {348}
12443 {348}
12444 {348}
12445 {348}
12446 {348}
12447 {348}
12448 {348}
12449 {348}
12450 {348}
12451 {348}
12452 {348}
12453 {348}
12454 {348}
12455 {348}
12456 {348, 369}
12457 {348}
12458 {348}
12459 {349}
12460 {349}
12461 {349}
12462 {349, 376}
12463 {349}
12464 {349}
12465 {349}
12466 {349}
12467 {349}
12468 {349}
12469 {349}
12470 {349}
12471 {349}
12472 {349}
12473 {349}
12474 {349}
12475 {349}
12476 {349}
12477 {350}
12478 {350}
12479 {350, 388, 392}
12480 {350, 388}
12481 {350}
12482 {350}
12483 {350, 388}
12484 {350}
12485 {350}
12486 {350}
12487 {350}
12488 {350, 388}
12489 {350}
12490 {350}
12491 {350}
12492 {351}
12493 {351}
12494 {351, 367}
12495 {351}
12496 {351}
12497 {351}
12498 {351}
12499 {351}
12500 {351}
12501 {351}
12502 {351}
12503 {352}
12504 {353}
12505 {353}
12506 {353}
12507 {353, 391}
12508 {353}
12509 {353}
12510 {353}
12511 {353}
12512 {353}
12513 {353}
12514 {353}
12515 {353}
12516 {353, 384}
12517 {353}
12518 {354}
12519 {354}
12520 {354}
12521 {354}
12522 {354}
12523 {354}
12524 {354}
12525 {354}
12526 {354, 369}
12527 {354}
12528 {355}
12529 {355}
12530 {355, 359}
12531 {356}
12532 {356}
12533 {356}
12534 {356}
12535 {356}
12536 {356}
12537 {356}
12538 {357}
12539 {357}
12540 {357}
12541 {357}
12542 {357}
12543 {357}
12544 {357}
12545 {357}
12546 {357}
12547 {357}
12548 {357}
12549 {357}
12550 {358}
12551 {358}
12552 {358}
12553 {358}
12554 {358}
12555 {358}
12556 {358}
12557 {358}
12558 {358}
12559 {358}
12560 {358}
12561 {358, 380}
12562 {358}
12563 {358}
12564 {358}
12565 {358}
12566 {358}
12567 {358, 383}
12568 {358}
12569 {358}
12570 {358}
12571 {358}
12572 {358}
12573 {358}
12574 {358}
12575 {358}
12576 {358}
12577 {358}
12578 {358}
12579 {358}
12580 {358}
12581 {358}
12582 {358}
12583 {358}
12584 {358}
12585 {358}
12586 {358}
12587 {358}
12588 {358}
12589 {358}
12590 {358}
12591 {358}
12592 {358}
12593 {358}
12594 {358}
12595 {358}
12596 {358}
12597 {358}
12598 {358, 363, 392}
12599 {358}
12600 {358}
12601 {358}
12602 {358}
12603 {358}
12604 {358}
12605 {358}
12606 {358}
12607 {358}
12608 {358}
12609 {358}
12610 {358}
12611 {358}
12612 {358}
12613 {358}
12614 {358}
12615 {358}
12616 {358}
12617 {358}
12618 {359}
12619 {359}
12620 {359}
12621 {359}
12622 {359}
12623 {359}
12624 {359}
12625 {359}
12626 {359}
12627 {359}
12628 {359}
12629 {359}
12630 {360}
12631 {360}
12632 {360}
12633 {360}
12634 {360}
12635 {360}
12636 {360}
12637 {360}
12638 {360}
12639 {360}
12640 {360}
12641 {360}
12642 {361}
12643 {361}
12644 {361}
12645 {362}
12646 {362}
12647 {362}
12648 {362}
12649 {362}
12650 {362}
12651 {362}
12652 {362}
12653 {362}
12654 {362, 374}
12655 {362}
12656 {362}
12657 {362}
12658 {362}
12659 {362}
12660 {362}
12661 {362}
12662 {362}
12663 {362}
12664 {362}
12665 {362}
12666 {362}
12667 {362}
12668 {363}
12669 {363}
12670 {363}
12671 {363}
12672 {363}
12673 {363}
12674 {363}
12675 {363}
12676 {363}
12677 {363}
12678 {363}
12679 {363}
12680 {364}
12681 {364}
12682 {364}
12683 {364}
12684 {364}
12685 {364}
12686 {364}
12687 {364}
12688 {365}
12689 {365}
12690 {365}
12691 {366}
12692 {366}
12693 {366}
12694 {366}
12695 {366}
12696 {366}
12697 {366}
12698 {366}
12699 {366}
12700 {366}
12701 {366}
12702 {366}
12703 {366}
12704 {366}
12705 {366}
12706 {366}
12707 {366}
12708 {366}
12709 {366}
12710 {366}
12711 {366}
12712 {366}
12713 {366}
12714 {367}
12715 {367}
12716 {367}
12717 {367}
12718 {367}
12719 {367}
12720 {367}
12721 {367}
12722 {367}
12723 {367}
12724 {367}
12725 {367}
12726 {368}
12727 {368}
12728 {368}
12729 {368}
12730 {368}
12731 {368}
12732 {368}
12733 {368}
12734 {368}
12735 {368}
12736 {368}
12737 {368}
12738 {368, 389}
12739 {368}
12740 {369}
12741 {369}
12742 {369, 391}
12743 {369}
12744 {369}
12745 {369}
12746 {369}
12747 {369}
12748 {369}
12749 {369}
12750 {369}
12751 {369}
12752 {369}
12753 {369}
12754 {369}
12755 {369}
12756 {369}
12757 {369}
12758 {369}
12759 {369}
12760 {369}
12761 {370}
12762 {370}
12763 {371}
12764 {371}
12765 {371}
12766 {371}
12767 {371}
12768 {371}
12769 {371}
12770 {371}
12771 {371}
12772 {371}
12773 {371}
12774 {371}
12775 {371}
12776 {371}
12777 {371}
12778 {371}
12779 {371}
12780 {371}
12781 {371}
12782 {371}
12783 {371}
12784 {371}
12785 {371}
12786 {371}
12787 {371}
12788 {371}
12789 {371}
12790 {371}
12791 {372}
12792 {372}
12793 {372, 376}
12794 {372}
12795 {372}
12796 {372}
12797 {372}
12798 {372}
12799 {372}
12800 {372}
12801 {372}
12802 {372}
12803 {372}
12804 {372}
12805 {372}
12806 {372}
12807 {372}
12808 {372}
12809 {372}
12810 {372}
12811 {372}
12812 {372}
12813 {372}
12814 {372}
12815 {373}
12816 {373}
12817 {373}
12818 {373}
12819 {373}
12820 {373}
12821 {373}
12822 {373}
12823 {374}
12824 {374}
12825 {374}
12826 {374}
12827 {374}
12828 {374}
12829 {374}
12830 {374}
12831 {374}
12832 {374}
12833 {374}
12834 {374}
12835 {374}
12836 {376}
12837 {376}
12838 {376}
12839 {376}
12840 {376}
12841 {376}
12842 {376}
12843 {376}
12844 {376}
12845 {376}
12846 {376}
12847 {376}
12848 {376}
12849 {376}
12850 {376}
12851 {376}
12852 {376}
12853 {376}
12854 {376}
12855 {376}
12856 {376}
12857 {376}
12858 {376}
12859 {376}
12860 {376}
12861 {376}
12862 {376}
12863 {376}
12864 {376}
12865 {376}
12866 {376}
12867 {376}
12868 {376}
12869 {377}
12870 {377}
12871 {377}
12872 {377}
12873 {377}
12874 {377}
12875 {377}
12876 {377}
12877 {377}
12878 {377}
12879 {377}
12880 {378}
12881 {378}
12882 {378}
12883 {378}
12884 {378}
12885 {378}
12886 {378, 384}
12887 {378}
12888 {378}
12889 {378}
12890 {379}
12891 {379}
12892 {379}
12893 {379}
12894 {379}
12895 {379}
12896 {380}
12897 {380}
12898 {380}
12899 {380}
12900 {380}
12901 {380}
12902 {380}
12903 {380}
12904 {380}
12905 {380}
12906 {380, 391}
12907 {380}
12908 {380}
12909 {380}
12910 {380}
12911 {380}
12912 {381}
12913 {381}
12914 {381}
12915 {381}
12916 {381}
12917 {381}
12918 {381}
12919 {381}
12920 {381}
12921 {381}
12922 {381}
12923 {381}
12924 {381}
12925 {381}
12926 {381}
12927 {381}
12928 {381}
12929 {381}
12930 {381}
12931 {381}
12932 {381}
12933 {381}
12934 {382}
12935 {382}
12936 {382}
12937 {382}
12938 {382}
12939 {382}
12940 {382}
12941 {382}
12942 {382}
12943 {382}
12944 {382}
12945 {382}
12946 {382}
12947 {383}
12948 {383}
12949 {383}
12950 {383}
12951 {383}
12952 {383}
12953 {383}
12954 {383}
12955 {383}
12956 {383}
12957 {383}
12958 {383}
12959 {383}
12960 {383}
12961 {383}
12962 {383}
12963 {383}
12964 {383}
12965 {383}
12966 {383}
12967 {383}
12968 {383, 387}
12969 {383}
12970 {383}
12971 {383}
12972 {384}
12973 {384}
12974 {384}
12975 {384}
12976 {384}
12977 {384}
12978 {384}
12979 {384}
12980 {384}
12981 {384}
12982 {384}
12983 {384}
12984 {384}
12985 {384}
12986 {384}
12987 {384}
12988 {384}
12989 {384}
12990 {384}
12991 {384}
12992 {384}
12993 {385}
12994 {385}
12995 {385}
12996 {385}
12997 {385}
12998 {386}
12999 {386}
13000 {386}
13001 {386}
13002 {386}
13003 {386}
13004 {386}
13005 {386}
13006 {386}
13007 {386}
13008 {386}
13009 {386}
13010 {386}
13011 {386}
13012 {386}
13013 {386}
13014 {386}
13015 {386}
13016 {386}
13017 {386}
13018 {386}
13019 {386}
13020 {386}
13021 {386}
13022 {386}
13023 {386}
13024 {386}
13025 {386}
13026 {386}
13027 {386}
13028 {386}
13029 {386}
13030 {386}
13031 {386}
13032 {387}
13033 {387}
13034 {387}
13035 {387}
13036 {387}
13037 {387}
13038 {387}
13039 {387}
13040 {387}
13041 {387}
13042 {387}
13043 {387}
13044 {387}
13045 {387}
13046 {387}
13047 {387}
13048 {387}
13049 {387}
13050 {387}
13051 {388}
13052 {388}
13053 {388}
13054 {388}
13055 {388}
13056 {388, 393}
13057 {388}
13058 {388}
13059 {388}
13060 {388}
13061 {388}
13062 {388, 392}
13063 {388}
13064 {388}
13065 {388}
13066 {388}
13067 {388}
13068 {388}
13069 {389}
13070 {389}
13071 {389}
13072 {389}
13073 {389}
13074 {389}
13075 {389}
13076 {389}
13077 {389}
13078 {389}
13079 {389}
13080 {389}
13081 {389}
13082 {389}
13083 {389}
13084 {389}
13085 {389}
13086 {389}
13087 {389, 391}
13088 {389}
13089 {389}
13090 {389}
13091 {389}
13092 {389}
13093 {389}
13094 {389}
13095 {389}
13096 {389}
13097 {389}
13098 {389}
13099 {389}
13100 {389}
13101 {389}
13102 {389}
13103 {389}
13104 {389}
13105 {389}
13106 {389}
13107 {389}
13108 {389}
13109 {389, 391}
13110 {389}
13111 {389}
13112 {389}
13113 {389}
13114 {389}
13115 {389}
13116 {389}
13117 {389}
13118 {389}
13119 {389}
13120 {389}
13121 {389}
13122 {389}
13123 {389}
13124 {389}
13125 {389}
13126 {389}
13127 {389}
13128 {389}
13129 {389}
13130 {389}
13131 {389}
13132 {389}
13133 {389}
13134 {389}
13135 {389}
13136 {389}
13137 {389}
13138 {389}
13139 {389}
13140 {389}
13141 {389}
13142 {389}
13143 {389}
13144 {390}
13145 {390}
13146 {390}
13147 {390}
13148 {390}
13149 {390}
13150 {390}
13151 {391}
13152 {391}
13153 {391}
13154 {391}
13155 {391}
13156 {391}
13157 {391}
13158 {391}
13159 {391}
13160 {391}
13161 {391}
13162 {391}
13163 {391}
13164 {391}
13165 {391}
13166 {391}
13167 {391}
13168 {391}
13169 {391}
13170 {391}
13171 {391}
13172 {391}
13173 {391}
13174 {391}
13175 {391}
13176 {391}
13177 {391}
13178 {391}
13179 {391}
13180 {391}
13181 {391}
13182 {391}
13183 {391}
13184 {391}
13185 {391}
13186 {391}
13187 {391}
13188 {391}
13189 {391}
13190 {391}
13191 {391}
13192 {391}
13193 {391}
13194 {391}
13195 {391}
13196 {391}
13197 {391}
13198 {391}
13199 {391}
13200 {391}
13201 {391}
13202 {391}
13203 {391}
13204 {391}
13205 {391}
13206 {391}
13207 {391}
13208 {391}
13209 {392}
13210 {392}
13211 {392}
13212 {392}
13213 {392}
13214 {392}
13215 {392}
13216 {392}
13217 {392}
13218 {392}
13219 {392}
13220 {392}
13221 {392}
13222 {393}
13223 {393}
13224 {393}
13225 {393}
13226 {393}
13227 {393}
13228 {393}
